# N: 1000, rho: 0.317, num moves: 2273000000, acceptance ratio: 0.503825 (GofR_LJ_metropolis_111017_1.dat, Metropolis)
# N: 1000, rho: 0.317, num moves: 1689309000, acceptance ratio: 0.504165 (GofR_LJ_metropolis_111017_2.dat, Metropolis) 
# N: 1000, rho: 0.317, num moves: 1280718000, acceptance ratio: 0.515069 (GofR_LJ_metropolis_111018_1.dat, Metropolis)
# N: 999, rho: 0.317, time: 339240, reset velocities every dt=5 (GofR_LJ_111020_2.dat, rejection-free)
# N: 1000, rho: 0.317, v: 1, num moves: 455700, sec method irreversible, (GofR_LJ_sec_111026_1.dat, sec) 
0.0025 0	     0.0025 0	        0.0025 0	       0.0025 0		  0.0025 0		  
0.0075 0	     0.0075 0	      	0.0075 0	       0.0075 0		  0.0075 0		  
0.0125 0	     0.0125 0	      	0.0125 0	       0.0125 0		  0.0125 0		  
0.0175 0	     0.0175 0	      	0.0175 0	       0.0175 0		  0.0175 0		  
0.0225 0	     0.0225 0	      	0.0225 0	       0.0225 0		  0.0225 0		  
0.0275 0	     0.0275 0	      	0.0275 0	       0.0275 0		  0.0275 0		  
0.0325 0	     0.0325 0	      	0.0325 0	       0.0325 0		  0.0325 0		  
0.0375 0	     0.0375 0	      	0.0375 0	       0.0375 0		  0.0375 0		  
0.0425 0	     0.0425 0	      	0.0425 0	       0.0425 0		  0.0425 0		  
0.0475 0	     0.0475 0	      	0.0475 0	       0.0475 0		  0.0475 0		  
0.0525 0	     0.0525 0	      	0.0525 0	       0.0525 0		  0.0525 0		  
0.0575 0	     0.0575 0	      	0.0575 0	       0.0575 0		  0.0575 0		  
0.0625 0	     0.0625 0	      	0.0625 0	       0.0625 0		  0.0625 0		  
0.0675 0	     0.0675 0	      	0.0675 0	       0.0675 0		  0.0675 0		  
0.0725 0	     0.0725 0.000112972 0.0725 0	       0.0725 0		  0.0725 0		   
0.0775 0	     0.0775 0	      	0.0775 0	       0.0775 0		  0.0775 0		  
0.0825 0	     0.0825 0	      	0.0825 0	       0.0825 0		  0.0825 0		  
0.0875 0	     0.0875 0	      	0.0875 0	       0.0875 0		  0.0875 0		  
0.0925 0	     0.0925 0	      	0.0925 0	       0.0925 0		  0.0925 0		  
0.0975 0	     0.0975 6.24652e-05 0.0975 0	       0.0975 0		  0.0975 0		   
0.1025 0	     0.1025 0	      	0.1025 0	       0.1025 0		  0.1025 0		  
0.1075 0	     0.1075 0	      	0.1075 0	       0.1075 0		  0.1075 0		  
0.1125 0	     0.1125 0	      	0.1125 0	       0.1125 0		  0.1125 0		  
0.1175 0	     0.1175 0	      	0.1175 0	       0.1175 0		  0.1175 0		  
0.1225 0	     0.1225 3.95708e-05 0.1225 0	       0.1225 0		  0.1225 0		   
0.1275 2.71751e-05   0.1275 0	      	0.1275 0	       0.1275 0		  0.1275 0		  
0.1325 0	     0.1325 3.38233e-05 0.1325 0	       0.1325 0		  0.1325 0		   
0.1375 0	     0.1375 0	      	0.1375 0	       0.1375 0		  0.1375 0		  
0.1425 0	     0.1425 5.84854e-05 0.1425 0	       0.1425 0		  0.1425 0		   
0.1475 0	     0.1475 0	      	0.1475 0	       0.1475 0		  0.1475 0		  
0.1525 0	     0.1525 0	      	0.1525 0	       0.1525 0		  0.1525 0		  
0.1575 0	     0.1575 2.39379e-05 0.1575 0	       0.1575 0		  0.1575 0		   
0.1625 0	     0.1625 2.24875e-05 0.1625 0	       0.1625 0		  0.1625 0		   
0.1675 0	     0.1675 0	      	0.1675 0	       0.1675 0		  0.1675 0		  
0.1725 0	     0.1725 0	      	0.1725 0	       0.1725 0		  0.1725 0		  
0.1775 0	     0.1775 0	      	0.1775 0	       0.1775 0		  0.1775 0		  
0.1825 1.32637e-05   0.1825 0	      	0.1825 0	       0.1825 0		  0.1825 0		  
0.1875 0	     0.1875 1.68906e-05 0.1875 0	       0.1875 0		  0.1875 0		   
0.1925 0	     0.1925 0	      	0.1925 0	       0.1925 0		  0.1925 0		  
0.1975 2.2651e-05    0.1975 1.52234e-05 0.1975 0	       0.1975 0		  0.1975 0		   
0.2025 1.07731e-05   0.2025 4.34429e-05 0.2025 0	       0.2025 0		  0.2025 0		   
0.2075 2.05204e-05   0.2075 0	      	0.2075 0	       0.2075 0		  0.2075 0		  
0.2125 1.95661e-05   0.2125 0	      	0.2125 0	       0.2125 0		  0.2125 0		  
0.2175 9.33841e-06   0.2175 1.25525e-05 0.2175 0	       0.2175 0		  0.2175 0		   
0.2225 8.92342e-06   0.2225 0	      	0.2225 0	       0.2225 0		  0.2225 0		  
0.2275 8.53549e-06   0.2275 0	      	0.2275 0	       0.2275 0		  0.2275 0		  
0.2325 0	     0.2325 0	      	0.2325 0	       0.2325 0		  0.2325 0		  
0.2375 7.83185e-06   0.2375 4.21095e-05 0.2375 0	       0.2375 0		  0.2375 0		   
0.2425 1.50244e-05   0.2425 2.01955e-05 0.2425 0	       0.2425 0		  0.2425 0		   
0.2475 2.8847e-05    0.2475 0	      	0.2475 0	       0.2475 0		  0.2475 0		  
0.2525 0	     0.2525 2.79412e-05 0.2525 0	       0.2525 0		  0.2525 0		   
0.2575 6.6625e-06    0.2575 8.95556e-06 0.2575 0	       0.2575 0		  0.2575 0		   
0.2625 1.28222e-05   0.2625 8.61765e-06 0.2625 0	       0.2625 0		  0.2625 0		   
0.2675 6.17368e-06   0.2675 8.2985e-06  0.2675 0	       0.2675 0		  0.2675 0		   
0.2725 2.37968e-05   0.2725 7.99676e-06 0.2725 0	       0.2725 0		  0.2725 0		   
0.2775 1.14735e-05   0.2775 2.31336e-05 0.2775 0	       0.2775 0		  0.2775 0		   
0.2825 2.76774e-05   0.2825 2.97626e-05 0.2825 0	       0.2825 0		  0.2825 0		   
0.2875 1.60338e-05   0.2875 2.87363e-05 0.2875 0	       0.2875 0		  0.2875 0		   
0.2925 1.03269e-05   0.2925 1.38812e-05 0.2925 0	       0.2925 0		  0.2925 0		   
0.2975 9.98269e-06   0.2975 2.01277e-05 0.2975 0	       0.2975 0		  0.2975 0		   
0.3025 2.41385e-05   0.3025 3.24464e-05 0.3025 0	       0.3025 0		  0.3025 0		   
0.3075 9.34396e-06   0.3075 1.88399e-05 0.3075 0	       0.3075 0		  0.3075 0		   
0.3125 2.26184e-05   0.3125 1.21612e-05 0.3125 0	       0.3125 0		  0.3125 0		   
0.3175 8.76464e-06   0.3175 2.35624e-05 0.3175 0	       0.3175 0		  0.3175 0		   
0.3225 2.54849e-05   0.3225 1.14187e-05 0.3225 0	       0.3225 0		  0.3225 0		   
0.3275 2.05939e-05   0.3275 2.76818e-05 0.3275 0	       0.3275 0		  0.3275 0		   
0.3325 2.79709e-05   0.3325 1.07422e-05 0.3325 0	       0.3325 0		  0.3325 0		   
0.3375 3.10266e-05   0.3375 2.60657e-05 0.3375 0	       0.3375 0		  0.3375 0		   
0.3425 2.63614e-05   0.3425 4.55584e-05 0.3425 0	       0.3425 0		  0.3425 0		   
0.3475 1.82916e-05   0.3475 2.95045e-05 0.3475 0	       0.3475 0		  0.3475 0		   
0.3525 2.84422e-05   0.3525 0	      	0.3525 0	       0.3525 0		  0.3525 0		  
0.3575 2.41957e-05   0.3575 1.39385e-05 0.3575 0	       0.3575 0		  0.3575 0		   
0.3625 1.00855e-05   0.3625 1.80755e-05 0.3625 0	       0.3625 0		  0.3625 0		   
0.3675 3.27097e-05   0.3675 4.39676e-05 0.3675 0	       0.3675 0		  0.3675 0		   
0.3725 2.86537e-05   0.3725 3.42361e-05 0.3725 0	       0.3725 0		  0.3725 0		   
0.3775 3.40997e-05   0.3775 4.1669e-05  0.3775 0	       0.3775 0		  0.3775 0		   
0.3825 3.62335e-05   0.3825 4.05868e-05 0.3825 0	       0.3825 0		  0.3825 0		   
0.3875 2.64783e-05   0.3875 3.95461e-05 0.3875 0	       0.3875 0		  0.3875 0		   
0.3925 2.86756e-05   0.3925 3.0836e-05  0.3925 0	       0.3925 0		  0.3925 0		   
0.3975 4.19381e-05   0.3975 4.13395e-05 0.3975 0	       0.3975 0		  0.3975 0		   
0.4025 2.45416e-05   0.4025 2.19921e-05 0.4025 0	       0.4025 0		  0.4025 0		   
0.4075 3.1924e-05    0.4075 3.93355e-05 0.4075 0	       0.4075 0		  0.4075 0		   
0.4125 3.11548e-05   0.4125 3.48979e-05 0.4125 0	       0.4125 0		  0.4125 0		   
0.4175 5.06884e-05   0.4175 4.08804e-05 0.4175 0	       0.4175 0		  0.4175 0		   
0.4225 4.7021e-05    0.4225 3.32655e-05 0.4225 0	       0.4225 0		  0.4225 0		   
0.4275 5.0762e-05    0.4275 5.1987e-05  0.4275 0	       0.4275 0		  0.4275 0		   
0.4325 4.95951e-05   0.4325 2.5396e-05  0.4325 0	       0.4325 0		  0.4325 0		   
0.4375 5.76999e-05   0.4375 4.03306e-05 0.4375 0	       0.4375 0		  0.4375 0		   
0.4425 5.86595e-05   0.4425 3.94243e-05 0.4425 0	       0.4425 0		  0.4425 0		   
0.4475 6.3974e-05    0.4475 8.00617e-05 0.4475 0	       0.4475 0		  0.4475 0		   
0.4525 4.74654e-05   0.4525 4.06011e-05 0.4525 0	       0.4525 0		  0.4525 0		   
0.4575 4.43229e-05   0.4575 5.95778e-05 0.4575 0	       0.4575 0		  0.4575 0		   
0.4625 5.36959e-05   0.4625 5.82966e-05 0.4625 0	       0.4625 0		  0.4625 0		   
0.4675 6.46812e-05   0.4675 6.24902e-05 0.4675 0	       0.4675 0		  0.4675 0		   
0.4725 9.89368e-05   0.4725 5.31953e-05 0.4725 0	       0.4725 0		  0.4725 0		   
0.4775 7.36255e-05   0.4775 4.42741e-05 0.4775 0	       0.4775 0		  0.4775 0		   
0.4825 4.3644e-05    0.4825 6.37665e-05 0.4825 0	       0.4825 0		  0.4825 0		   
0.4875 5.76241e-05   0.4875 6.74624e-05 0.4875 0	       0.4875 0		  0.4875 0		   
0.4925 7.46729e-05   0.4925 5.6307e-05  0.4925 0	       0.4925 0		  0.4925 0		   
0.4975 8.38886e-05   0.4975 7.67735e-05 0.4975 0	       0.4975 0		  0.4975 0		   
0.5025 0.000103222   0.5025 0.000101122 0.5025 0	       0.5025 0		  0.5025 0		   
0.5075 8.23305e-05   0.5075 8.53055e-05 0.5075 0	       0.5075 0		  0.5075 0		   
0.5125 7.7368e-05    0.5125 9.26922e-05 0.5125 0	       0.5125 0		  0.5125 0		   
0.5175 8.24785e-05   0.5175 9.9779e-05  0.5175 0	       0.5175 0		  0.5175 0		   
0.5225 9.38527e-05   0.5225 9.78785e-05 0.5225 0	       0.5225 0		  0.5225 0		   
0.5275 9.52572e-05   0.5275 7.46914e-05 0.5275 0	       0.5275 0		  0.5275 0		   
0.5325 0.00012152    0.5325 7.12011e-05 0.5325 0	       0.5325 0		  0.5325 0		   
0.5375 8.25711e-05   0.5375 7.60487e-05 0.5375 0	       0.5375 0		  0.5375 0		   
0.5425 0.000129089   0.5425 0.000106936 0.5425 0	       0.5425 0		  0.5425 0		   
0.5475 0.000107584   0.5475 0.000120839 0.5475 0	       0.5475 0		  0.5475 0		   
0.5525 0.000115776   0.5525 0.000130334 0.5525 0	       0.5525 0		  0.5525 0		   
0.5575 0.000108023   0.5575 0.000108901 0.5575 0	       0.5575 0		  0.5575 0		   
0.5625 0.000135431   0.5625 0.000114481 0.5625 0	       0.5625 0		  0.5625 0		   
0.5675 0.000139914   0.5675 0.000127223 0.5675 0	       0.5675 0		  0.5675 0		   
0.5725 0.00015635    0.5725 0.000126822 0.5725 0	       0.5725 0		  0.5725 0		   
0.5775 0.000165576   0.5775 0.000183392 0.5775 0	       0.5775 0		  0.5775 0		   
0.5825 0.000151028   0.5825 0.000145256 0.5825 0	       0.5825 0		  0.5825 0		   
0.5875 0.000142069   0.5875 0.000161718 0.5875 0	       0.5875 0		  0.5875 0		   
0.5925 0.000178691   0.5925 0.000150543 0.5925 0	       0.5925 0		  0.5925 0		   
0.5975 0.000206648   0.5975 0.00016633  0.5975 0	       0.5975 0		  0.5975 0		   
0.6025 0.000160639   0.6025 0.000166853 0.6025 0	       0.6025 0		  0.6025 0		   
0.6075 0.000198704   0.6075 0.000165726 0.6075 0	       0.6075 0		  0.6075 0		   
0.6125 0.000222557   0.6125 0.00018994  0.6125 0	       0.6125 0		  0.6125 0		   
0.6175 0.00020854    0.6175 0.00021958  0.6175 0	       0.6175 0		  0.6175 0		   
0.6225 0.000250805   0.6225 0.000220664 0.6225 0	       0.6225 0		  0.6225 5.68634e-07	   
0.6275 0.000237848   0.6275 0.000224702 0.6275 0	       0.6275 0		  0.6275 0		   
0.6325 0.000260605   0.6325 0.000213741 0.6325 0	       0.6325 0		  0.6325 0		   
0.6375 0.000276099   0.6375 0.000264463 0.6375 0	       0.6375 0		  0.6375 0		   
0.6425 0.000295362   0.6425 0.00030064  0.6425 0	       0.6425 0		  0.6425 0		   
0.6475 0.000331912   0.6475 0.000237945 0.6475 0	       0.6475 0		  0.6475 0		   
0.6525 0.000327882   0.6525 0.000301259 0.6525 0	       0.6525 0		  0.6525 0		   
0.6575 0.00034233    0.6575 0.000321419 0.6575 0	       0.6575 0		  0.6575 0		   
0.6625 0.000366371   0.6625 0.000367997 0.6625 0	       0.6625 0		  0.6625 0		   
0.6675 0.000382716   0.6675 0.000390492 0.6675 0	       0.6675 0		  0.6675 0		   
0.6725 0.000428816   0.6725 0.000414906 0.6725 0	       0.6725 0		  0.6725 0		   
0.6775 0.000408074   0.6775 0.000398455 0.6775 0	       0.6775 0		  0.6775 0		   
0.6825 0.000443846   0.6825 0.000407936 0.6825 0	       0.6825 0		  0.6825 0		   
0.6875 0.00045891    0.6875 0.000472378 0.6875 0	       0.6875 0		  0.6875 0		   
0.6925 0.000493761   0.6925 0.000470534 0.6925 0	       0.6925 0		  0.6925 0		   
0.6975 0.000572971   0.6975 0.000495547 0.6975 0	       0.6975 0		  0.6975 0		   
0.7025 0.000541569   0.7025 0.000601623 0.7025 0	       0.7025 0		  0.7025 0		   
0.7075 0.000603663   0.7075 0.0005801   0.7075 0	       0.7075 0		  0.7075 0		   
0.7125 0.000601312   0.7125 0.000583684 0.7125 0	       0.7125 0		  0.7125 0		   
0.7175 0.000657319   0.7175 0.000607875 0.7175 0	       0.7175 0		  0.7175 0		   
0.7225 0.000605092   0.7225 0.000713246 0.7225 0	       0.7225 0		  0.7225 0		   
0.7275 0.000707817   0.7275 0.000655231 0.7275 0	       0.7275 0		  0.7275 0		   
0.7325 0.000753351   0.7325 0.00074924  0.7325 0	       0.7325 0		  0.7325 0		   
0.7375 0.000800025   0.7375 0.000837372 0.7375 0	       0.7375 0		  0.7375 0		   
0.7425 0.000789287   0.7425 0.000828287 0.7425 0	       0.7425 0		  0.7425 0		   
0.7475 0.000887869   0.7475 0.000854439 0.7475 0	       0.7475 0		  0.7475 0		   
0.7525 0.000884691   0.7525 0.000880873 0.7525 0	       0.7525 0		  0.7525 0		   
0.7575 0.000955428   0.7575 0.000951037 0.7575 0	       0.7575 0		  0.7575 0		   
0.7625 0.000999925   0.7625 0.000991715 0.7625 0	       0.7625 0		  0.7625 0		   
0.7675 0.000990689   0.7675 0.00098186  0.7675 0	       0.7675 0		  0.7675 0		   
0.7725 0.00103639    0.7725 0.00106372  0.7725 0	       0.7725 0		  0.7725 3.69245e-07	   
0.7775 0.00110056    0.7775 0.00108446  0.7775 0	       0.7775 0		  0.7775 0		   
0.7825 0.00111396    0.7825 0.0011366   0.7825 0	       0.7825 0		  0.7825 3.59868e-07	   
0.7875 0.00119531    0.7875 0.00118541  0.7875 0	       0.7875 0		  0.7875 0		   
0.7925 0.00126117    0.7925 0.00124519  0.7925 0	       0.7925 9.83959e-08 0.7925 0		  	   
0.7975 0.00125652    0.7975 0.00140422  0.7975 0	       0.7975 9.7166e-08  0.7975 0		  	   
0.8025 0.00139731    0.8025 0.00134344  0.8025 0	       0.8025 9.5959e-08  0.8025 0		  	   
0.8075 0.00147084    0.8075 0.00142065  0.8075 0	       0.8075 0		  0.8075 0		   
0.8125 0.0014267     0.8125 0.00150846  0.8125 0	       0.8125 0		  0.8125 0		   
0.8175 0.0015805     0.8175 0.00152472  0.8175 0	       0.8175 0		  0.8175 0		   
0.8225 0.00159726    0.8225 0.00161859  0.8225 0	       0.8225 0		  0.8225 0		   
0.8275 0.00165931    0.8275 0.0016702   0.8275 0	       0.8275 0		  0.8275 0		   
0.8325 0.00169553    0.8325 0.00175986  0.8325 0	       0.8325 0		  0.8325 0		   
0.8375 0.00182461    0.8375 0.00178802  0.8375 0	       0.8375 0		  0.8375 3.14154e-07	   
0.8425 0.00181173    0.8425 0.00188732  0.8425 0	       0.8425 8.70634e-08 0.8425 0		  	   
0.8475 0.00192819    0.8475 0.0019635   0.8475 0	       0.8475 8.60392e-08 0.8475 0		  	   
0.8525 0.00205031    0.8525 0.00204185  0.8525 0	       0.8525 2.55099e-07 0.8525 0		  	   
0.8575 0.00217606    0.8575 0.00209968  0.8575 2.13042e-06     0.8575 6.72353e-07 0.8575 8.99011e-07	  	   
0.8625 0.00215803    0.8625 0.00218237  0.8625 3.15868e-06     0.8625 4.31977e-06 0.8625 4.14688e-06	  	   
0.8675 0.00228233    0.8675 0.00226775  0.8675 9.36713e-06     0.8675 1.06753e-05 0.8675 1.14192e-05	  	   
0.8725 0.00236999    0.8725 0.0023565   0.8725 2.9838e-05      0.8725 3.52318e-05 0.8725 3.5603e-05	  	   
0.8775 0.00252952    0.8775 0.00257727  0.8775 8.23936e-05     0.8775 8.89244e-05 0.8775 9.27177e-05	  	   
0.8825 0.00281518    0.8825 0.00282339  0.8825 0.000205165     0.8825 0.000204643 0.8825 0.00021135	  	   
0.8875 0.0031683     0.8875 0.00304121  0.8875 0.000492234     0.8875 0.000463453 0.8875 0.000468027	  	   
0.8925 0.00370469    0.8925 0.00372363  0.8925 0.000982317     0.8925 0.000982184 0.8925 0.00098756	  	   
0.8975 0.00476916    0.8975 0.00472759  0.8975 0.00194961      0.8975 0.00195865  0.8975 0.00191953	  	   
0.9025 0.00647483    0.9025 0.00662627  0.9025 0.00360227      0.9025 0.00363571  0.9025 0.0036308	  	   
0.9075 0.0095492     0.9075 0.00936475  0.9075 0.00654332      0.9075 0.00652202  0.9075 0.00650461	  	   
0.9125 0.0140744     0.9125 0.0136861   0.9125 0.0110021       0.9125 0.0110632	  0.9125 0.0110591	   
0.9175 0.0209246     0.9175 0.0206365   0.9175 0.0178301       0.9175 0.0180395	  0.9175 0.0180034	   
0.9225 0.031159	     0.9225 0.0310544   0.9225 0.0280212       0.9225 0.0281815	  0.9225 0.0281121	   
0.9275 0.045308	     0.9275 0.045103	0.9275 0.0424762       0.9275 0.042503	  0.9275 0.0423198	  	      
0.9325 0.0646211     0.9325 0.0643308   0.9325 0.0618564       0.9325 0.0619953	  0.9325 0.0618745	   
0.9375 0.0901287     0.9375 0.0896005   0.9375 0.0874594       0.9375 0.0874625	  0.9375 0.0873379	   
0.9425 0.122481	     0.9425 0.122145	0.9425 0.119554	       0.9425 0.120122	  0.9425 0.119706		  	      
0.9475 0.162572	     0.9475 0.162801	0.9475 0.159925	       0.9475 0.160234	  0.9475 0.160062		  	      
0.9525 0.211446	     0.9525 0.211086	0.9525 0.207979	       0.9525 0.208912	  0.9525 0.208818		  	      
0.9575 0.268303	     0.9575 0.268371	0.9575 0.265438	       0.9575 0.266314	  0.9575 0.26579		  	      
0.9625 0.335228	     0.9625 0.33428	0.9625 0.331542	       0.9625 0.332432	  0.9625 0.33214		  	      
0.9675 0.409753	     0.9675 0.408565	0.9675 0.406848	       0.9675 0.407321	  0.9675 0.406487		  	      
0.9725 0.492535	     0.9725 0.491016	0.9725 0.487764	       0.9725 0.490027	  0.9725 0.489845		  	      
0.9775 0.582768	     0.9775 0.580994	0.9775 0.580216	       0.9775 0.580392	  0.9775 0.57887		  	      
0.9825 0.678397	     0.9825 0.677347	0.9825 0.674529	       0.9825 0.676418	  0.9825 0.675433		  	      
0.9875 0.780627	     0.9875 0.779082	0.9875 0.776817	       0.9875 0.777718	  0.9875 0.777966		  	      
0.9925 0.884473	     0.9925 0.884404	0.9925 0.880479	       0.9925 0.883529	  0.9925 0.882327		  	      
0.9975 0.995006	     0.9975 0.991299	0.9975 0.989069	       0.9975 0.991583	  0.9975 0.990186		  	      
1.0025 1.10387	     1.0025 1.10033	1.0025 1.09833	       1.0025 1.1008	  1.0025 1.09953		  	      
1.0075 1.21184	     1.0075 1.2106	1.0075 1.20634	       1.0075 1.20996	  1.0075 1.20844		  	      
1.0125 1.31972	     1.0125 1.3182	1.0125 1.31546	       1.0125 1.31727	  1.0125 1.31652		  	      
1.0175 1.42469	     1.0175 1.42287	1.0175 1.41879	       1.0175 1.42248	  1.0175 1.42028		  	      
1.0225 1.5281	     1.0225 1.52231	1.0225 1.52236	       1.0225 1.52486	  1.0225 1.52357		  	      
1.0275 1.6229	     1.0275 1.61885	1.0275 1.61784	       1.0275 1.62128	  1.0275 1.61988		  	      
1.0325 1.71615	     1.0325 1.71205	1.0325 1.70829	       1.0325 1.71333	  1.0325 1.71164		  	      
1.0375 1.80227	     1.0375 1.7985	1.0375 1.79581	       1.0375 1.79958	  1.0375 1.79742		  	      
1.0425 1.88066	     1.0425 1.87544	1.0425 1.87391	       1.0425 1.8791	  1.0425 1.87649		  	      
1.0475 1.9535	     1.0475 1.94915	1.0475 1.94845	       1.0475 1.95243	  1.0475 1.94951		  	      
1.0525 2.01977	     1.0525 2.01708	1.0525 2.0138	       1.0525 2.01799	  1.0525 2.01537		  	      
1.0575 2.0809	     1.0575 2.07704	1.0575 2.07505	       1.0575 2.07818	  1.0575 2.07742		  	      
1.0625 2.13179	     1.0625 2.1279	1.0625 2.12702	       1.0625 2.13091	  1.0625 2.12857		  	      
1.0675 2.17727	     1.0675 2.17577	1.0675 2.17288	       1.0675 2.17661	  1.0675 2.1741		  	      
1.0725 2.21815	     1.0725 2.21102	1.0725 2.20998	       1.0725 2.21643	  1.0725 2.21345		  	      
1.0775 2.2513	     1.0775 2.24594	1.0775 2.24416	       1.0775 2.24918	  1.0775 2.2476		  	      
1.0825 2.27768	     1.0825 2.27434	1.0825 2.27158	       1.0825 2.27618	  1.0825 2.27439		  	      
1.0875 2.29918	     1.0875 2.29439	1.0875 2.29266	       1.0875 2.29765	  1.0875 2.29488		  	      
1.0925 2.31488	     1.0925 2.31037	1.0925 2.31046	       1.0925 2.31372	  1.0925 2.31133		  	      
1.0975 2.32656	     1.0975 2.32039	1.0975 2.31981	       1.0975 2.3244	  1.0975 2.32343		  	      
1.1025 2.33114	     1.1025 2.32665	1.1025 2.3267	       1.1025 2.33032	  1.1025 2.32872		  	      
1.1075 2.33431	     1.1075 2.3295	1.1075 2.33013	       1.1075 2.33317	  1.1075 2.33028		  	      
1.1125 2.33324	     1.1125 2.32787	1.1125 2.32826	       1.1125 2.33179	  1.1125 2.32996		  	      
1.1175 2.32785	     1.1175 2.32337	1.1175 2.32361	       1.1175 2.32591	  1.1175 2.32523		  	      
1.1225 2.32075	     1.1225 2.31217	1.1225 2.31444	       1.1225 2.31835	  1.1225 2.31582		  	      
1.1275 2.30617	     1.1275 2.3009	1.1275 2.30322	       1.1275 2.30673	  1.1275 2.30441		  	      
1.1325 2.29418	     1.1325 2.28951	1.1325 2.28747	       1.1325 2.29267	  1.1325 2.29095		  	      
1.1375 2.27601	     1.1375 2.27292	1.1375 2.27179	       1.1375 2.27711	  1.1375 2.27462		  	      
1.1425 2.25873	     1.1425 2.25588	1.1425 2.25456	       1.1425 2.25883	  1.1425 2.25714		  	      
1.1475 2.2398	     1.1475 2.23634	1.1475 2.23435	       1.1475 2.23925	  1.1475 2.2369		  	      
1.1525 2.21804	     1.1525 2.21435	1.1525 2.21437	       1.1525 2.21797	  1.1525 2.2156		  	      
1.1575 2.196	     1.1575 2.19199	1.1575 2.19241	       1.1575 2.19599	  1.1575 2.19327		  	      
1.1625 2.17266	     1.1625 2.16964	1.1625 2.16925	       1.1625 2.17258	  1.1625 2.16974		  	      
1.1675 2.14807	     1.1675 2.14375	1.1675 2.14341	       1.1675 2.14771	  1.1675 2.14671		  	      
1.1725 2.12401	     1.1725 2.11907	1.1725 2.11804	       1.1725 2.1223	  1.1725 2.12181		  	      
1.1775 2.09738	     1.1775 2.0914	1.1775 2.09271	       1.1775 2.09714	  1.1775 2.09565		  	      
1.1825 2.07037	     1.1825 2.06812	1.1825 2.06569	       1.1825 2.0708	  1.1825 2.06992		  	      
1.1875 2.04375	     1.1875 2.04162	1.1875 2.04162	       1.1875 2.04399	  1.1875 2.04218		  	      
1.1925 2.0192	     1.1925 2.01434	1.1925 2.01414	       1.1925 2.01847	  1.1925 2.01601		  	      
1.1975 1.99127	     1.1975 1.98964	1.1975 1.98731	       1.1975 1.99137	  1.1975 1.99045		  	      
1.2025 1.96556	     1.2025 1.96241	1.2025 1.96269	       1.2025 1.96527	  1.2025 1.96304		  	      
1.2075 1.93785	     1.2075 1.93604	1.2075 1.93572	       1.2075 1.93835	  1.2075 1.93563		  	      
1.2125 1.91217	     1.2125 1.90823	1.2125 1.90838	       1.2125 1.91191	  1.2125 1.90986		  	      
1.2175 1.88624	     1.2175 1.88154	1.2175 1.88278	       1.2175 1.88561	  1.2175 1.88462		  	      
1.2225 1.86074	     1.2225 1.85713	1.2225 1.85822	       1.2225 1.85991	  1.2225 1.85903		  	      
1.2275 1.83473	     1.2275 1.83061	1.2275 1.831	       1.2275 1.83414	  1.2275 1.83256		  	      
1.2325 1.81014	     1.2325 1.80606	1.2325 1.80593	       1.2325 1.80889	  1.2325 1.80744		  	      
1.2375 1.78465	     1.2375 1.78207	1.2375 1.78129	       1.2375 1.78401	  1.2375 1.78274		  	      
1.2425 1.76038	     1.2425 1.75742	1.2425 1.7574	       1.2425 1.75972	  1.2425 1.75818		  	      
1.2475 1.73466	     1.2475 1.73061	1.2475 1.73165	       1.2475 1.73563	  1.2475 1.73438		  	      
1.2525 1.71186	     1.2525 1.70829	1.2525 1.7107	       1.2525 1.71199	  1.2525 1.71135		  	      
1.2575 1.68927	     1.2575 1.68635	1.2575 1.68628	       1.2575 1.68894	  1.2575 1.68746		  	      
1.2625 1.66797	     1.2625 1.66359	1.2625 1.66395	       1.2625 1.66636	  1.2625 1.666		  	      
1.2675 1.64448	     1.2675 1.64191	1.2675 1.64145	       1.2675 1.64453	  1.2675 1.64372		  	      
1.2725 1.62387	     1.2725 1.61995	1.2725 1.61886	       1.2725 1.62236	  1.2725 1.62095		  	      
1.2775 1.60246	     1.2775 1.59872	1.2775 1.59952	       1.2775 1.60092	  1.2775 1.60057		  	      
1.2825 1.58167	     1.2825 1.57735	1.2825 1.57835	       1.2825 1.58046	  1.2825 1.58028		  	      
1.2875 1.5602	     1.2875 1.55871	1.2875 1.55774	       1.2875 1.56078	  1.2875 1.55916		  	      
1.2925 1.54106	     1.2925 1.53791	1.2925 1.53728	       1.2925 1.54077	  1.2925 1.53988		  	      
1.2975 1.52155	     1.2975 1.51959	1.2975 1.51992	       1.2975 1.52191	  1.2975 1.52016		  	      
1.3025 1.50281	     1.3025 1.50091	1.3025 1.50103	       1.3025 1.50305	  1.3025 1.50237		  	      
1.3075 1.48503	     1.3075 1.48254	1.3075 1.48309	       1.3075 1.48473	  1.3075 1.48411		  	      
1.3125 1.46741	     1.3125 1.46461	1.3125 1.46388	       1.3125 1.46692	  1.3125 1.46601		  	      
1.3175 1.44989	     1.3175 1.44816	1.3175 1.44896	       1.3175 1.44963	  1.3175 1.44853		  	      
1.3225 1.43279	     1.3225 1.43037	1.3225 1.43098	       1.3225 1.43288	  1.3225 1.43251		  	      
1.3275 1.41659	     1.3275 1.414	1.3275 1.41501	       1.3275 1.41632	  1.3275 1.41539		  	      
1.3325 1.40117	     1.3325 1.39861	1.3325 1.39702	       1.3325 1.40037	  1.3325 1.40005		  	      
1.3375 1.38404	     1.3375 1.38243	1.3375 1.38304	       1.3375 1.38501	  1.3375 1.38394		  	      
1.3425 1.36985	     1.3425 1.3683	1.3425 1.36713	       1.3425 1.37008	  1.3425 1.36973		  	      
1.3475 1.35606	     1.3475 1.35369	1.3475 1.3522	       1.3475 1.35538	  1.3475 1.35481		  	      
1.3525 1.34213	     1.3525 1.33835	1.3525 1.33884	       1.3525 1.34098	  1.3525 1.34029		  	      
1.3575 1.32719	     1.3575 1.32509	1.3575 1.32509	       1.3575 1.32698	  1.3575 1.32649		  	      
1.3625 1.31422	     1.3625 1.31178	1.3625 1.31217	       1.3625 1.31372	  1.3625 1.31393		  	      
1.3675 1.30157	     1.3675 1.29792	1.3675 1.29765	       1.3675 1.30065	  1.3675 1.29923		  	      
1.3725 1.28938	     1.3725 1.28655	1.3725 1.28669	       1.3725 1.28816	  1.3725 1.28747		  	      
1.3775 1.27584	     1.3775 1.27393	1.3775 1.27256	       1.3775 1.27581	  1.3775 1.27459		  	      
1.3825 1.26533	     1.3825 1.26344	1.3825 1.26263	       1.3825 1.26394	  1.3825 1.26312		  	      
1.3875 1.2523	     1.3875 1.25066	1.3875 1.24947	       1.3875 1.25267	  1.3875 1.25134		  	      
1.3925 1.24173	     1.3925 1.24037	1.3925 1.23787	       1.3925 1.24104	  1.3925 1.24061		  	      
1.3975 1.2304	     1.3975 1.22883	1.3975 1.2282	       1.3975 1.23033	  1.3975 1.22971		  	      
1.4025 1.22019	     1.4025 1.21733	1.4025 1.21778	       1.4025 1.21966	  1.4025 1.21914		  	      
1.4075 1.20921	     1.4075 1.20773	1.4075 1.20725	       1.4075 1.20948	  1.4075 1.20912		  	      
1.4125 1.19903	     1.4125 1.19701	1.4125 1.19775	       1.4125 1.19972	  1.4125 1.19877		  	      
1.4175 1.18952	     1.4175 1.18759	1.4175 1.18886	       1.4175 1.18975	  1.4175 1.1892		  	      
1.4225 1.18075	     1.4225 1.1791	1.4225 1.17937	       1.4225 1.18049	  1.4225 1.18016		  	      
1.4275 1.17186	     1.4275 1.17099	1.4275 1.16975	       1.4275 1.17157	  1.4275 1.17108		  	      
1.4325 1.16348	     1.4325 1.16209	1.4325 1.16093	       1.4325 1.16282	  1.4325 1.16197		  	      
1.4375 1.15426	     1.4375 1.15205	1.4375 1.15161	       1.4375 1.15395	  1.4375 1.1539		  	      
1.4425 1.14595	     1.4425 1.14468	1.4425 1.14553	       1.4425 1.14585	  1.4425 1.14544		  	      
1.4475 1.13899	     1.4475 1.13615	1.4475 1.13683	       1.4475 1.13799	  1.4475 1.1373		  	      
1.4525 1.13062	     1.4525 1.12836	1.4525 1.12893	       1.4525 1.13024	  1.4525 1.12925		  	      
1.4575 1.12351	     1.4575 1.1228	1.4575 1.12131	       1.4575 1.1227	  1.4575 1.12259		  	      
1.4625 1.11584	     1.4625 1.11387	1.4625 1.1133	       1.4625 1.11562	  1.4625 1.1147		  	      
1.4675 1.1085	     1.4675 1.10664	1.4675 1.10695	       1.4675 1.10835	  1.4675 1.10802		  	      
1.4725 1.10168	     1.4725 1.10025	1.4725 1.09979	       1.4725 1.10191	  1.4725 1.10204		  	      
1.4775 1.09576	     1.4775 1.09405	1.4775 1.09277	       1.4775 1.09517	  1.4775 1.0951		  	      
1.4825 1.08893	     1.4825 1.08881	1.4825 1.08704	       1.4825 1.08892	  1.4825 1.089		  	      
1.4875 1.08289	     1.4875 1.08083	1.4875 1.08159	       1.4875 1.0828	  1.4875 1.08235		  	      
1.4925 1.07725	     1.4925 1.07517	1.4925 1.07551	       1.4925 1.07725	  1.4925 1.07596		  	      
1.4975 1.0722	     1.4975 1.07046	1.4975 1.0687	       1.4975 1.07093	  1.4975 1.0708		  	      
1.5025 1.06618	     1.5025 1.064	1.5025 1.06465	       1.5025 1.06571	  1.5025 1.06587		  	      
1.5075 1.06078	     1.5075 1.05886	1.5075 1.05814	       1.5075 1.06049	  1.5075 1.05948		  	      
1.5125 1.05577	     1.5125 1.05391	1.5125 1.05295	       1.5125 1.05548	  1.5125 1.05416		  	      
1.5175 1.05119	     1.5175 1.04864	1.5175 1.04792	       1.5175 1.05029	  1.5175 1.04961		  	      
1.5225 1.04601	     1.5225 1.04498	1.5225 1.0437	       1.5225 1.04591	  1.5225 1.04514		  	      
1.5275 1.04191	     1.5275 1.04017	1.5275 1.03836	       1.5275 1.04089	  1.5275 1.04078		  	      
1.5325 1.03775	     1.5325 1.03563	1.5325 1.03471	       1.5325 1.03637	  1.5325 1.03607		  	      
1.5375 1.03353	     1.5375 1.03079	1.5375 1.03029	       1.5375 1.03223	  1.5375 1.03158		  	      
1.5425 1.0284	     1.5425 1.02717	1.5425 1.02692	       1.5425 1.02827	  1.5425 1.02753		  	      
1.5475 1.02517	     1.5475 1.02325	1.5475 1.02311	       1.5475 1.02444	  1.5475 1.0243		  	      
1.5525 1.02107	     1.5525 1.01945	1.5525 1.01923	       1.5525 1.02064	  1.5525 1.02014		  	      
1.5575 1.0176	     1.5575 1.01455	1.5575 1.01594	       1.5575 1.01712	  1.5575 1.01626		  	      
1.5625 1.01401	     1.5625 1.01257	1.5625 1.01159	       1.5625 1.01345	  1.5625 1.01286		  	      
1.5675 1.01039	     1.5675 1.00951	1.5675 1.00883	       1.5675 1.01051	  1.5675 1.00988		  	      
1.5725 1.00782	     1.5725 1.00668	1.5725 1.00574	       1.5725 1.00722	  1.5725 1.0075		  	      
1.5775 1.00553	     1.5775 1.00254	1.5775 1.00193	       1.5775 1.00415	  1.5775 1.00406		  	      
1.5825 1.00158	     1.5825 0.999766	1.5825 0.999093	       1.5825 1.0013	  1.5825 1.00157		  	      
1.5875 0.999626	     1.5875 0.997575	1.5875 0.996931	       1.5875 0.998571	  1.5875 0.998898		  	      
1.5925 0.997009	     1.5925 0.994486	1.5925 0.994077	       1.5925 0.996288	  1.5925 0.995978		  	      
1.5975 0.994392	     1.5975 0.993441	1.5975 0.99199	       1.5975 0.993392	  1.5975 0.993274		  	      
1.6025 0.992003	     1.6025 0.989662	1.6025 0.990186	       1.6025 0.991406	  1.6025 0.991168		  	      
1.6075 0.989881	     1.6075 0.987711	1.6075 0.987271	       1.6075 0.989033	  1.6075 0.98892		  	      
1.6125 0.987986	     1.6125 0.986765	1.6125 0.985476	       1.6125 0.987068	  1.6125 0.986973		  	      
1.6175 0.986885	     1.6175 0.984159	1.6175 0.983691	       1.6175 0.9851	  1.6175 0.984865		  	      
1.6225 0.98471	     1.6225 0.982105	1.6225 0.981689	       1.6225 0.983404	  1.6225 0.982899		  	      
1.6275 0.982586	     1.6275 0.980411	1.6275 0.979619	       1.6275 0.981679	  1.6275 0.981563		  	      
1.6325 0.981124	     1.6325 0.978377	1.6325 0.979387	       1.6325 0.980374	  1.6325 0.979512		  	      
1.6375 0.978822	     1.6375 0.978567	1.6375 0.976489	       1.6375 0.978857	  1.6375 0.978122		  	      
1.6425 0.977912	     1.6425 0.977279	1.6425 0.975894	       1.6425 0.977565	  1.6425 0.976667		  	      
1.6475 0.976542	     1.6475 0.975386	1.6475 0.975486	       1.6475 0.976085	  1.6475 0.975503		  	      
1.6525 0.975632	     1.6525 0.974052	1.6525 0.973714	       1.6525 0.975207	  1.6525 0.974774		  	      
1.6575 0.975258	     1.6575 0.97308	1.6575 0.972741	       1.6575 0.97404	  1.6575 0.973847		  	      
1.6625 0.974217	     1.6625 0.972026	1.6625 0.971764	       1.6625 0.973062	  1.6625 0.972536		  	      
1.6675 0.972736	     1.6675 0.971608	1.6675 0.97093	       1.6675 0.972376	  1.6675 0.971886		  	      
1.6725 0.972497	     1.6725 0.970665	1.6725 0.969925	       1.6725 0.971683	  1.6725 0.971073		  	      
1.6775 0.971754	     1.6775 0.970894	1.6775 0.970024	       1.6775 0.970924	  1.6775 0.970942		  	      
1.6825 0.971459	     1.6825 0.968952	1.6825 0.969233	       1.6825 0.970584	  1.6825 0.970153		  	      
1.6875 0.971234	     1.6875 0.969762	1.6875 0.968083	       1.6875 0.970201	  1.6875 0.970033		  	      
1.6925 0.97124	     1.6925 0.968805	1.6925 0.968094	       1.6925 0.970095	  1.6925 0.969989		  	      
1.6975 0.971063	     1.6975 0.969417	1.6975 0.96803	       1.6975 0.969488	  1.6975 0.969408		  	      
1.7025 0.97105	     1.7025 0.968727	1.7025 0.967756	       1.7025 0.969422	  1.7025 0.969682		  	      
1.7075 0.970631	     1.7075 0.96862	1.7075 0.968548	       1.7075 0.969931	  1.7075 0.969532		  	      
1.7125 0.971737	     1.7125 0.969346	1.7125 0.968364	       1.7125 0.96994	  1.7125 0.970049		  	      
1.7175 0.97108	     1.7175 0.968957	1.7175 0.969938	       1.7175 0.970249	  1.7175 0.969919		  	      
1.7225 0.971922	     1.7225 0.969422	1.7225 0.969825	       1.7225 0.970419	  1.7225 0.970365		  	      
1.7275 0.972234	     1.7275 0.970296	1.7275 0.969671	       1.7275 0.97066	  1.7275 0.970951		  	      
1.7325 0.97234	     1.7325 0.970591	1.7325 0.970353	       1.7325 0.971332	  1.7325 0.971052		  	      
1.7375 0.973003	     1.7375 0.971666	1.7375 0.970893	       1.7375 0.971887	  1.7375 0.972423		  	      
1.7425 0.973905	     1.7425 0.972184	1.7425 0.971446	       1.7425 0.972598	  1.7425 0.972721		  	      
1.7475 0.974338	     1.7475 0.972897	1.7475 0.972511	       1.7475 0.973287	  1.7475 0.973063		  	      
1.7525 0.975454	     1.7525 0.972911	1.7525 0.97329	       1.7525 0.974346	  1.7525 0.974077		  	      
1.7575 0.976312	     1.7575 0.974148	1.7575 0.973502	       1.7575 0.975222	  1.7575 0.974776		  	      
1.7625 0.977807	     1.7625 0.975051	1.7625 0.975418	       1.7625 0.976331	  1.7625 0.976495		  	      
1.7675 0.97844	     1.7675 0.977641	1.7675 0.976395	       1.7675 0.977502	  1.7675 0.977207		  	      
1.7725 0.980261	     1.7725 0.978106	1.7725 0.977422	       1.7725 0.978468	  1.7725 0.978342		  	      
1.7775 0.981064	     1.7775 0.97942	1.7775 0.978401	       1.7775 0.979816	  1.7775 0.979906		  	      
1.7825 0.983231	     1.7825 0.981523	1.7825 0.980003	       1.7825 0.981055	  1.7825 0.980998		  	      
1.7875 0.983667	     1.7875 0.981882	1.7875 0.982	       1.7875 0.982645	  1.7875 0.98262		  	      
1.7925 0.984714	     1.7925 0.983829	1.7925 0.982689	       1.7925 0.983931	  1.7925 0.983961		  	      
1.7975 0.986715	     1.7975 0.984882	1.7975 0.984755	       1.7975 0.985735	  1.7975 0.985054		  	      
1.8025 0.989116	     1.8025 0.98643	1.8025 0.98572	       1.8025 0.987352	  1.8025 0.987609		  	      
1.8075 0.990368	     1.8075 0.98863	1.8075 0.987105	       1.8075 0.989054	  1.8075 0.988974		  	      
1.8125 0.991726	     1.8125 0.990852	1.8125 0.98862	       1.8125 0.990914	  1.8125 0.990707		  	      
1.8175 0.993668	     1.8175 0.992188	1.8175 0.991644	       1.8175 0.992781	  1.8175 0.992432		  	      
1.8225 0.996293	     1.8225 0.994683	1.8225 0.993402	       1.8225 0.994537	  1.8225 0.994453		  	      
1.8275 0.997751	     1.8275 0.995816	1.8275 0.994425	       1.8275 0.99679	  1.8275 0.997122		  	      
1.8325 1.00004	     1.8325 0.99786	1.8325 0.997542	       1.8325 0.998532	  1.8325 0.998284		  	      
1.8375 1.00227	     1.8375 0.999893	1.8375 0.999242	       1.8375 1.00113	  1.8375 1.00046		  	      
1.8425 1.00487	     1.8425 1.00135	1.8425 1.00234	       1.8425 1.00314	  1.8425 1.00326		  	      
1.8475 1.00632	     1.8475 1.00508	1.8475 1.00385	       1.8475 1.00544	  1.8475 1.00479		  	      
1.8525 1.00837	     1.8525 1.00699	1.8525 1.00666	       1.8525 1.00755	  1.8525 1.00771		  	      
1.8575 1.0114	     1.8575 1.009	1.8575 1.00885	       1.8575 1.00981	  1.8575 1.00966		  	      
1.8625 1.01364	     1.8625 1.01223	1.8625 1.01144	       1.8625 1.01228	  1.8625 1.01226		  	      
1.8675 1.0153	     1.8675 1.01389	1.8675 1.01422	       1.8675 1.01461	  1.8675 1.01482		  	      
1.8725 1.01881	     1.8725 1.01673	1.8725 1.01606	       1.8725 1.01744	  1.8725 1.01726		  	      
1.8775 1.02121	     1.8775 1.01898	1.8775 1.01834	       1.8775 1.01995	  1.8775 1.01978		  	      
1.8825 1.02389	     1.8825 1.02072	1.8825 1.02139	       1.8825 1.02231	  1.8825 1.02225		  	      
1.8875 1.0266	     1.8875 1.02366	1.8875 1.0234	       1.8875 1.02501	  1.8875 1.02521		  	      
1.8925 1.02875	     1.8925 1.02741	1.8925 1.02624	       1.8925 1.02757	  1.8925 1.0275		  	      
1.8975 1.03183	     1.8975 1.02923	1.8975 1.02967	       1.8975 1.03042	  1.8975 1.03073		  	      
1.9025 1.03526	     1.9025 1.03268	1.9025 1.0321	       1.9025 1.03344	  1.9025 1.03326		  	      
1.9075 1.0373	     1.9075 1.03532	1.9075 1.03388	       1.9075 1.03604	  1.9075 1.036		  	      
1.9125 1.0405	     1.9125 1.03798	1.9125 1.03688	       1.9125 1.03919	  1.9125 1.03916		  	      
1.9175 1.04349	     1.9175 1.04111	1.9175 1.04053	       1.9175 1.04204	  1.9175 1.04192		  	      
1.9225 1.04643	     1.9225 1.04414	1.9225 1.04298	       1.9225 1.04495	  1.9225 1.04505		  	      
1.9275 1.04987	     1.9275 1.04665	1.9275 1.04799	       1.9275 1.04786	  1.9275 1.04743		  	      
1.9325 1.05211	     1.9325 1.04994	1.9325 1.04932	       1.9325 1.05082	  1.9325 1.05018		  	      
1.9375 1.05471	     1.9375 1.05296	1.9375 1.05287	       1.9375 1.05408	  1.9375 1.05342		  	      
1.9425 1.05849	     1.9425 1.05668	1.9425 1.05691	       1.9425 1.05661	  1.9425 1.05713		  	      
1.9475 1.06076	     1.9475 1.05926	1.9475 1.05833	       1.9475 1.05997	  1.9475 1.05971		  	      
1.9525 1.06392	     1.9525 1.0623	1.9525 1.06103	       1.9525 1.06301	  1.9525 1.06258		  	      
1.9575 1.06778	     1.9575 1.06542	1.9575 1.06411	       1.9575 1.0659	  1.9575 1.06601		  	      
1.9625 1.06989	     1.9625 1.06831	1.9625 1.06752	       1.9625 1.06892	  1.9625 1.06889		  	      
1.9675 1.07338	     1.9675 1.07104	1.9675 1.07101	       1.9675 1.07212	  1.9675 1.07191		  	      
1.9725 1.07695	     1.9725 1.07398	1.9725 1.07348	       1.9725 1.07498	  1.9725 1.0751		  	      
1.9775 1.07903	     1.9775 1.07754	1.9775 1.07768	       1.9775 1.07812	  1.9775 1.07831		  	      
1.9825 1.08345	     1.9825 1.08007	1.9825 1.07981	       1.9825 1.08156	  1.9825 1.08101		  	      
1.9875 1.0859	     1.9875 1.08253	1.9875 1.08237	       1.9875 1.08436	  1.9875 1.08456		  	      
1.9925 1.08856	     1.9925 1.08666	1.9925 1.08563	       1.9925 1.08739	  1.9925 1.08698		  	      
1.9975 1.09184	     1.9975 1.08947	1.9975 1.08898	       1.9975 1.09045	  1.9975 1.08954		  	      
2.0025 1.09486	     2.0025 1.09248	2.0025 1.092	       2.0025 1.09344	  2.0025 1.09335		  	      
2.0075 1.09832	     2.0075 1.09515	2.0075 1.09444	       2.0075 1.09636	  2.0075 1.09598		  	      
2.0125 1.10052	     2.0125 1.09795	2.0125 1.098	       2.0125 1.09924	  2.0125 1.0995		  	      
2.0175 1.10347	     2.0175 1.10078	2.0175 1.10042	       2.0175 1.10213	  2.0175 1.10214		  	      
2.0225 1.10672	     2.0225 1.10403	2.0225 1.1035	       2.0225 1.105	  2.0225 1.10484		  	      
2.0275 1.10908	     2.0275 1.1057	2.0275 1.10609	       2.0275 1.10754	  2.0275 1.1072		  	      
2.0325 1.11187	     2.0325 1.1094	2.0325 1.10866	       2.0325 1.11031	  2.0325 1.11008		  	      
2.0375 1.11402	     2.0375 1.1125	2.0375 1.11175	       2.0375 1.11298	  2.0375 1.11254		  	      
2.0425 1.1171	     2.0425 1.11473	2.0425 1.11347	       2.0425 1.11561	  2.0425 1.11523		  	      
2.0475 1.11956	     2.0475 1.11685	2.0475 1.11638	       2.0475 1.11785	  2.0475 1.11787		  	      
2.0525 1.12182	     2.0525 1.11888	2.0525 1.1182	       2.0525 1.12065	  2.0525 1.11989		  	      
2.0575 1.1243	     2.0575 1.12242	2.0575 1.12118	       2.0575 1.123	  2.0575 1.12277		  	      
2.0625 1.12538	     2.0625 1.12368	2.0625 1.12297	       2.0625 1.12497	  2.0625 1.12533		  	      
2.0675 1.12859	     2.0675 1.1263	2.0675 1.12608	       2.0675 1.12708	  2.0675 1.12663		  	      
2.0725 1.13087	     2.0725 1.12844	2.0725 1.12751	       2.0725 1.12912	  2.0725 1.12904		  	      
2.0775 1.13246	     2.0775 1.12995	2.0775 1.12925	       2.0775 1.13099	  2.0775 1.13101		  	      
2.0825 1.134	     2.0825 1.13156	2.0825 1.13214	       2.0825 1.13298	  2.0825 1.13289		  	      
2.0875 1.13578	     2.0875 1.13288	2.0875 1.1338	       2.0875 1.13466	  2.0875 1.13508		  	      
2.0925 1.13813	     2.0925 1.13521	2.0925 1.13466	       2.0925 1.13619	  2.0925 1.13602		  	      
2.0975 1.13926	     2.0975 1.13634	2.0975 1.13675	       2.0975 1.13771	  2.0975 1.13748		  	      
2.1025 1.14028	     2.1025 1.13831	2.1025 1.13779	       2.1025 1.13918	  2.1025 1.13909		  	      
2.1075 1.14182	     2.1075 1.13947	2.1075 1.13882	       2.1075 1.14068	  2.1075 1.14035		  	      
2.1125 1.1433	     2.1125 1.14063	2.1125 1.14006	       2.1125 1.14174	  2.1125 1.14162		  	      
2.1175 1.14496	     2.1175 1.14184	2.1175 1.14094	       2.1175 1.1429	  2.1175 1.14281		  	      
2.1225 1.14514	     2.1225 1.14248	2.1225 1.14215	       2.1225 1.14409	  2.1225 1.14407		  	      
2.1275 1.1457	     2.1275 1.14311	2.1275 1.14302	       2.1275 1.14483	  2.1275 1.14454		  	      
2.1325 1.14638	     2.1325 1.1447	2.1325 1.14565	       2.1325 1.14574	  2.1325 1.14491		  	      
2.1375 1.14787	     2.1375 1.14524	2.1375 1.14447	       2.1375 1.14657	  2.1375 1.14642		  	      
2.1425 1.14783	     2.1425 1.14522	2.1425 1.14622	       2.1425 1.14691	  2.1425 1.14665		  	      
2.1475 1.14874	     2.1475 1.14606	2.1475 1.14551	       2.1475 1.14727	  2.1475 1.14693		  	      
2.1525 1.14842	     2.1525 1.14604	2.1525 1.14617	       2.1525 1.14777	  2.1525 1.14773		  	      
2.1575 1.149	     2.1575 1.14674	2.1575 1.1469	       2.1575 1.14776	  2.1575 1.14762		  	      
2.1625 1.14927	     2.1625 1.14731	2.1625 1.14738	       2.1625 1.14803	  2.1625 1.1478		  	      
2.1675 1.14984	     2.1675 1.14715	2.1675 1.14704	       2.1675 1.14845	  2.1675 1.14794		  	      
2.1725 1.14935	     2.1725 1.1467	2.1725 1.14717	       2.1725 1.14822	  2.1725 1.14811		  	      
2.1775 1.14887	     2.1775 1.1473	2.1775 1.14576	       2.1775 1.14805	  2.1775 1.14788		  	      
2.1825 1.14893	     2.1825 1.14647	2.1825 1.14582	       2.1825 1.14764	  2.1825 1.14741		  	      
2.1875 1.1484	     2.1875 1.14606	2.1875 1.14661	       2.1875 1.14747	  2.1875 1.14736		  	      
2.1925 1.1481	     2.1925 1.1462	2.1925 1.14629	       2.1925 1.14735	  2.1925 1.14665		  	      
2.1975 1.14815	     2.1975 1.1448	2.1975 1.14483	       2.1975 1.14643	  2.1975 1.14662		  	      
2.2025 1.14762	     2.2025 1.14482	2.2025 1.14504	       2.2025 1.14616	  2.2025 1.14625		  	      
2.2075 1.14693	     2.2075 1.14409	2.2075 1.14439	       2.2075 1.1454	  2.2075 1.14515		  	      
2.2125 1.14656	     2.2125 1.14354	2.2125 1.14305	       2.2125 1.14463	  2.2125 1.14427		  	      
2.2175 1.14523	     2.2175 1.14253	2.2175 1.14157	       2.2175 1.14401	  2.2175 1.14352		  	      
2.2225 1.1443	     2.2225 1.14184	2.2225 1.14117	       2.2225 1.14307	  2.2225 1.14312		  	      
2.2275 1.14323	     2.2275 1.14115	2.2275 1.14089	       2.2275 1.1421	  2.2275 1.14193		  	      
2.2325 1.14222	     2.2325 1.13983	2.2325 1.13957	       2.2325 1.14113	  2.2325 1.14148		  	      
2.2375 1.14146	     2.2375 1.13886	2.2375 1.13887	       2.2375 1.14024	  2.2375 1.13983		  	      
2.2425 1.14001	     2.2425 1.1382	2.2425 1.1379	       2.2425 1.139	  2.2425 1.13882		  	      
2.2475 1.13902	     2.2475 1.13639	2.2475 1.13638	       2.2475 1.13806	  2.2475 1.13776		  	      
2.2525 1.13805	     2.2525 1.13553	2.2525 1.13508	       2.2525 1.13679	  2.2525 1.13635		  	      
2.2575 1.13669	     2.2575 1.13444	2.2575 1.13411	       2.2575 1.13565	  2.2575 1.1351		  	      
2.2625 1.1355	     2.2625 1.13258	2.2625 1.1328	       2.2625 1.13418	  2.2625 1.13399		  	      
2.2675 1.13359	     2.2675 1.13168	2.2675 1.13147	       2.2675 1.13296	  2.2675 1.13257		  	      
2.2725 1.13292	     2.2725 1.13013	2.2725 1.13033	       2.2725 1.13144	  2.2725 1.13109		  	      
2.2775 1.13135	     2.2775 1.12863	2.2775 1.12895	       2.2775 1.13011	  2.2775 1.12986		  	      
2.2825 1.1295	     2.2825 1.12748	2.2825 1.1271	       2.2825 1.12864	  2.2825 1.12817		  	      
2.2875 1.12754	     2.2875 1.1254	2.2875 1.12595	       2.2875 1.12734	  2.2875 1.12697		  	      
2.2925 1.12638	     2.2925 1.1251	2.2925 1.12475	       2.2925 1.12559	  2.2925 1.12567		  	      
2.2975 1.12538	     2.2975 1.12306	2.2975 1.12323	       2.2975 1.12411	  2.2975 1.124		  	      
2.3025 1.12362	     2.3025 1.12127	2.3025 1.12058	       2.3025 1.12278	  2.3025 1.1228		  	      
2.3075 1.12226	     2.3075 1.11925	2.3075 1.11984	       2.3075 1.12121	  2.3075 1.12076		  	      
2.3125 1.12083	     2.3125 1.11812	2.3125 1.11839	       2.3125 1.11956	  2.3125 1.11944		  	      
2.3175 1.11873	     2.3175 1.11608	2.3175 1.11642	       2.3175 1.11784	  2.3175 1.11788		  	      
2.3225 1.11747	     2.3225 1.11488	2.3225 1.11565	       2.3225 1.1165	  2.3225 1.11622		  	      
2.3275 1.11527	     2.3275 1.11401	2.3275 1.11299	       2.3275 1.11455	  2.3275 1.1148		  	      
2.3325 1.11407	     2.3325 1.11147	2.3325 1.11197	       2.3325 1.11322	  2.3325 1.11315		  	      
2.3375 1.11246	     2.3375 1.11062	2.3375 1.10987	       2.3375 1.11145	  2.3375 1.11176		  	      
2.3425 1.11046	     2.3425 1.10864	2.3425 1.10788	       2.3425 1.10975	  2.3425 1.10934		  	      
2.3475 1.10882	     2.3475 1.10631	2.3475 1.10654	       2.3475 1.10791	  2.3475 1.10835		  	      
2.3525 1.10702	     2.3525 1.10495	2.3525 1.105	       2.3525 1.1067	  2.3525 1.10599		  	      
2.3575 1.10561	     2.3575 1.10315	2.3575 1.10254	       2.3575 1.10494	  2.3575 1.10438		  	      
2.3625 1.10471	     2.3625 1.10228	2.3625 1.10175	       2.3625 1.10331	  2.3625 1.10331		  	      
2.3675 1.10233	     2.3675 1.10046	2.3675 1.10046	       2.3675 1.10151	  2.3675 1.10157		  	      
2.3725 1.10093	     2.3725 1.09856	2.3725 1.09956	       2.3725 1.09977	  2.3725 1.10005		  	      
2.3775 1.09922	     2.3775 1.09661	2.3775 1.09671	       2.3775 1.09818	  2.3775 1.09799		  	      
2.3825 1.09777	     2.3825 1.09552	2.3825 1.09547	       2.3825 1.09679	  2.3825 1.09678		  	      
2.3875 1.09623	     2.3875 1.09389	2.3875 1.09375	       2.3875 1.09513	  2.3875 1.09465		  	      
2.3925 1.09448	     2.3925 1.09227	2.3925 1.09182	       2.3925 1.0933	  2.3925 1.09333		  	      
2.3975 1.09227	     2.3975 1.09048	2.3975 1.09039	       2.3975 1.09161	  2.3975 1.09207		  	      
2.4025 1.09082	     2.4025 1.08884	2.4025 1.08833	       2.4025 1.09003	  2.4025 1.08996		  	      
2.4075 1.08957	     2.4075 1.08717	2.4075 1.08705	       2.4075 1.08858	  2.4075 1.08841		  	      
2.4125 1.08815	     2.4125 1.08533	2.4125 1.08488	       2.4125 1.08695	  2.4125 1.08721		  	      
2.4175 1.08636	     2.4175 1.0841	2.4175 1.08404	       2.4175 1.08537	  2.4175 1.08502		  	      
2.4225 1.08494	     2.4225 1.08219	2.4225 1.08248	       2.4225 1.08388	  2.4225 1.0839		  	      
2.4275 1.08372	     2.4275 1.08103	2.4275 1.0798	       2.4275 1.08234	  2.4275 1.08257		  	      
2.4325 1.08201	     2.4325 1.08018	2.4325 1.07936	       2.4325 1.08069	  2.4325 1.08074		  	      
2.4375 1.08015	     2.4375 1.07761	2.4375 1.07798	       2.4375 1.07942	  2.4375 1.07958		  	      
2.4425 1.07933	     2.4425 1.07647	2.4425 1.07657	       2.4425 1.07786	  2.4425 1.07792		  	      
2.4475 1.07706	     2.4475 1.07521	2.4475 1.07536	       2.4475 1.07657	  2.4475 1.07679		  	      
2.4525 1.07594	     2.4525 1.073	2.4525 1.07413	       2.4525 1.07496	  2.4525 1.07506		  	      
2.4575 1.07419	     2.4575 1.07189	2.4575 1.07169	       2.4575 1.0736	  2.4575 1.07349		  	      
2.4625 1.07336	     2.4625 1.07115	2.4625 1.07122	       2.4625 1.07209	  2.4625 1.07243		  	      
2.4675 1.07203	     2.4675 1.07011	2.4675 1.06899	       2.4675 1.07066	  2.4675 1.07097		  	      
2.4725 1.07095	     2.4725 1.06839	2.4725 1.06761	       2.4725 1.06941	  2.4725 1.06941		  	      
2.4775 1.06914	     2.4775 1.06684	2.4775 1.06665	       2.4775 1.06803	  2.4775 1.06824		  	      
2.4825 1.06764	     2.4825 1.06549	2.4825 1.06544	       2.4825 1.06665	  2.4825 1.06674		  	      
2.4875 1.06636	     2.4875 1.06392	2.4875 1.06437	       2.4875 1.06537	  2.4875 1.06573		  	      
2.4925 1.06505	     2.4925 1.06281	2.4925 1.06333	       2.4925 1.06423	  2.4925 1.06429		  	      
2.4975 1.06428	     2.4975 1.0612	2.4975 1.06194	       2.4975 1.06301	  2.4975 1.06321		  	      
2.5025 1.06243	     2.5025 1.06085	2.5025 1.06093	       2.5025 1.06183	  2.5025 1.06204		  	      
2.5075 1.06196	     2.5075 1.05963	2.5075 1.05932	       2.5075 1.06075	  2.5075 1.06096		  	      
2.5125 1.0612	     2.5125 1.05906	2.5125 1.05821	       2.5125 1.05967	  2.5125 1.05979		  	      
2.5175 1.05983	     2.5175 1.05752	2.5175 1.05807	       2.5175 1.0588	  2.5175 1.05896		  	      
2.5225 1.05894	     2.5225 1.05695	2.5225 1.05672	       2.5225 1.05774	  2.5225 1.05766		  	      
2.5275 1.05761	     2.5275 1.05538	2.5275 1.05586	       2.5275 1.05679	  2.5275 1.05715		  	      
2.5325 1.0569	     2.5325 1.05498	2.5325 1.05431	       2.5325 1.05593	  2.5325 1.05607		  	      
2.5375 1.05581	     2.5375 1.05402	2.5375 1.0533	       2.5375 1.05516	  2.5375 1.05528		  	      
2.5425 1.05485	     2.5425 1.05281	2.5425 1.05338	       2.5425 1.05421	  2.5425 1.0543		  	      
2.5475 1.05448	     2.5475 1.05214	2.5475 1.05213	       2.5475 1.05351	  2.5475 1.0536		  	      
2.5525 1.05372	     2.5525 1.0513	2.5525 1.05093	       2.5525 1.05264	  2.5525 1.05264		  	      
2.5575 1.05262	     2.5575 1.05061	2.5575 1.05059	       2.5575 1.05179	  2.5575 1.05248		  	      
2.5625 1.05194	     2.5625 1.05009	2.5625 1.05037	       2.5625 1.05115	  2.5625 1.05098		  	      
2.5675 1.051	     2.5675 1.04938	2.5675 1.04967	       2.5675 1.05029	  2.5675 1.05054		  	      
2.5725 1.05036	     2.5725 1.04817	2.5725 1.04802	       2.5725 1.04959	  2.5725 1.04951		  	      
2.5775 1.04984	     2.5775 1.04752	2.5775 1.04735	       2.5775 1.04884	  2.5775 1.0488		  	      
2.5825 1.04921	     2.5825 1.04625	2.5825 1.04653	       2.5825 1.04806	  2.5825 1.04865		  	      
2.5875 1.04799	     2.5875 1.04665	2.5875 1.04666	       2.5875 1.04744	  2.5875 1.04722		  	      
2.5925 1.04748	     2.5925 1.04568	2.5925 1.04605	       2.5925 1.04678	  2.5925 1.04689		  	      
2.5975 1.04646	     2.5975 1.0447	2.5975 1.04566	       2.5975 1.04613	  2.5975 1.04616		  	      
2.6025 1.04631	     2.6025 1.04377	2.6025 1.04394	       2.6025 1.04556	  2.6025 1.04573		  	      
2.6075 1.0461	     2.6075 1.04391	2.6075 1.04323	       2.6075 1.045	  2.6075 1.04507		  	      
2.6125 1.04531	     2.6125 1.04359	2.6125 1.04322	       2.6125 1.0444	  2.6125 1.04446		  	      
2.6175 1.04484	     2.6175 1.04276	2.6175 1.04236	       2.6175 1.04386	  2.6175 1.0443		  	      
2.6225 1.04421	     2.6225 1.0423	2.6225 1.04247	       2.6225 1.04342	  2.6225 1.04381		  	      
2.6275 1.04429	     2.6275 1.04151	2.6275 1.04157	       2.6275 1.04273	  2.6275 1.04296		  	      
2.6325 1.04326	     2.6325 1.04168	2.6325 1.04049	       2.6325 1.04242	  2.6325 1.04239		  	      
2.6375 1.04307	     2.6375 1.04086	2.6375 1.04134	       2.6375 1.04179	  2.6375 1.04216		  	      
2.6425 1.04259	     2.6425 1.04001	2.6425 1.03988	       2.6425 1.04144	  2.6425 1.04163		  	      
2.6475 1.04175	     2.6475 1.0399	2.6475 1.03978	       2.6475 1.04111	  2.6475 1.04166		  	      
2.6525 1.0418	     2.6525 1.03953	2.6525 1.03917	       2.6525 1.04082	  2.6525 1.04084		  	      
2.6575 1.04106	     2.6575 1.03954	2.6575 1.03883	       2.6575 1.04023	  2.6575 1.04031		  	      
2.6625 1.04091	     2.6625 1.03879	2.6625 1.03876	       2.6625 1.03995	  2.6625 1.04036		  	      
2.6675 1.04025	     2.6675 1.03858	2.6675 1.03879	       2.6675 1.03945	  2.6675 1.03963		  	      
2.6725 1.0404	     2.6725 1.03795	2.6725 1.03792	       2.6725 1.03919	  2.6725 1.03936		  	      
2.6775 1.03995	     2.6775 1.03753	2.6775 1.03778	       2.6775 1.03901	  2.6775 1.03904		  	      
2.6825 1.03988	     2.6825 1.03727	2.6825 1.03748	       2.6825 1.03863	  2.6825 1.03867		  	      
2.6875 1.0396	     2.6875 1.03717	2.6875 1.03744	       2.6875 1.03864	  2.6875 1.0386		  	      
2.6925 1.03916	     2.6925 1.03699	2.6925 1.03791	       2.6925 1.03805	  2.6925 1.03828		  	      
2.6975 1.03875	     2.6975 1.03658	2.6975 1.03683	       2.6975 1.03786	  2.6975 1.03823		  	      
2.7025 1.03913	     2.7025 1.03603	2.7025 1.03663	       2.7025 1.03772	  2.7025 1.03801		  	      
2.7075 1.03828	     2.7075 1.03576	2.7075 1.03675	       2.7075 1.03758	  2.7075 1.03788		  	      
2.7125 1.03856	     2.7125 1.03606	2.7125 1.03629	       2.7125 1.0374	  2.7125 1.03766		  	      
2.7175 1.03812	     2.7175 1.03601	2.7175 1.0359	       2.7175 1.03713	  2.7175 1.03737		  	      
2.7225 1.03737	     2.7225 1.03617	2.7225 1.03571	       2.7225 1.03719	  2.7225 1.03718		  	      
2.7275 1.03773	     2.7275 1.03578	2.7275 1.03584	       2.7275 1.03677	  2.7275 1.03712		  	      
2.7325 1.03784	     2.7325 1.03583	2.7325 1.03546	       2.7325 1.03689	  2.7325 1.03696		  	      
2.7375 1.03752	     2.7375 1.03539	2.7375 1.03559	       2.7375 1.03691	  2.7375 1.03674		  	      
2.7425 1.03759	     2.7425 1.03567	2.7425 1.03555	       2.7425 1.03682	  2.7425 1.03694		  	      
2.7475 1.03738	     2.7475 1.03516	2.7475 1.03551	       2.7475 1.03682	  2.7475 1.03678		  	      
2.7525 1.03815	     2.7525 1.03552	2.7525 1.03606	       2.7525 1.03668	  2.7525 1.03679		  	      
2.7575 1.03762	     2.7575 1.03521	2.7575 1.03505	       2.7575 1.03662	  2.7575 1.03675		  	      
2.7625 1.03761	     2.7625 1.03559	2.7625 1.03565	       2.7625 1.03665	  2.7625 1.03665		  	      
2.7675 1.03769	     2.7675 1.0352	2.7675 1.03577	       2.7675 1.03659	  2.7675 1.03662		  	      
2.7725 1.03768	     2.7725 1.03588	2.7725 1.03553	       2.7725 1.03661	  2.7725 1.03675		  	      
2.7775 1.03715	     2.7775 1.03539	2.7775 1.0351	       2.7775 1.03649	  2.7775 1.03706		  	      
2.7825 1.03792	     2.7825 1.03583	2.7825 1.0355	       2.7825 1.03674	  2.7825 1.03691		  	      
2.7875 1.03743	     2.7875 1.03526	2.7875 1.03533	       2.7875 1.03681	  2.7875 1.03659		  	      
2.7925 1.03816	     2.7925 1.03572	2.7925 1.03552	       2.7925 1.03675	  2.7925 1.03693		  	      
2.7975 1.03781	     2.7975 1.03585	2.7975 1.03549	       2.7975 1.03691	  2.7975 1.037		  	      
2.8025 1.03814	     2.8025 1.0357	2.8025 1.03546	       2.8025 1.03696	  2.8025 1.03705		  	      
2.8075 1.03786	     2.8075 1.03595	2.8075 1.03614	       2.8075 1.03702	  2.8075 1.03724		  	      
2.8125 1.03798	     2.8125 1.03625	2.8125 1.0358	       2.8125 1.03706	  2.8125 1.0373		  	      
2.8175 1.03827	     2.8175 1.03601	2.8175 1.03613	       2.8175 1.03732	  2.8175 1.03752		  	      
2.8225 1.0387	     2.8225 1.03625	2.8225 1.0362	       2.8225 1.03739	  2.8225 1.0374		  	      
2.8275 1.03875	     2.8275 1.03593	2.8275 1.0363	       2.8275 1.03759	  2.8275 1.03757		  	      
2.8325 1.03857	     2.8325 1.03624	2.8325 1.0365	       2.8325 1.03783	  2.8325 1.03778		  	      
2.8375 1.03858	     2.8375 1.03644	2.8375 1.0369	       2.8375 1.03769	  2.8375 1.0379		  	      
2.8425 1.03906	     2.8425 1.03678	2.8425 1.03683	       2.8425 1.03789	  2.8425 1.03809		  	      
2.8475 1.03925	     2.8475 1.03682	2.8475 1.03653	       2.8475 1.03802	  2.8475 1.03836		  	      
2.8525 1.03916	     2.8525 1.03706	2.8525 1.03712	       2.8525 1.03809	  2.8525 1.03841		  	      
2.8575 1.03989	     2.8575 1.03724	2.8575 1.03696	       2.8575 1.03843	  2.8575 1.039		  	      
2.8625 1.03972	     2.8625 1.03794	2.8625 1.03713	       2.8625 1.03869	  2.8625 1.03883		  	      
2.8675 1.03978	     2.8675 1.03774	2.8675 1.03797	       2.8675 1.03875	  2.8675 1.03858		  	      
2.8725 1.0396	     2.8725 1.03765	2.8725 1.03773	       2.8725 1.03907	  2.8725 1.03904		  	      
2.8775 1.04045	     2.8775 1.03785	2.8775 1.03816	       2.8775 1.03918	  2.8775 1.0393		  	      
2.8825 1.04051	     2.8825 1.03752	2.8825 1.03768	       2.8825 1.03935	  2.8825 1.03944		  	      
2.8875 1.04032	     2.8875 1.03859	2.8875 1.03871	       2.8875 1.03959	  2.8875 1.03979		  	      
2.8925 1.04065	     2.8925 1.03823	2.8925 1.03807	       2.8925 1.03986	  2.8925 1.04007		  	      
2.8975 1.04075	     2.8975 1.03852	2.8975 1.03872	       2.8975 1.04011	  2.8975 1.04068		  	      
2.9025 1.04094	     2.9025 1.03872	2.9025 1.03961	       2.9025 1.0403	  2.9025 1.04025		  	      
2.9075 1.04101	     2.9075 1.03915	2.9075 1.03949	       2.9075 1.04048	  2.9075 1.04053		  	      
2.9125 1.04146	     2.9125 1.03949	2.9125 1.03946	       2.9125 1.04067	  2.9125 1.04095		  	      
2.9175 1.04164	     2.9175 1.03956	2.9175 1.0397	       2.9175 1.0408	  2.9175 1.041		  	      
2.9225 1.04179	     2.9225 1.03999	2.9225 1.04039	       2.9225 1.04111	  2.9225 1.04123		  	      
2.9275 1.04235	     2.9275 1.04002	2.9275 1.04025	       2.9275 1.04141	  2.9275 1.04166		  	      
2.9325 1.04243	     2.9325 1.0406	2.9325 1.04002	       2.9325 1.04167	  2.9325 1.04171		  	      
2.9375 1.04246	     2.9375 1.04062	2.9375 1.04031	       2.9375 1.04206	  2.9375 1.0419		  	      
2.9425 1.04297	     2.9425 1.04136	2.9425 1.04093	       2.9425 1.04189	  2.9425 1.04218		  	      
2.9475 1.04363	     2.9475 1.04098	2.9475 1.04103	       2.9475 1.04225	  2.9475 1.04243		  	      
2.9525 1.04334	     2.9525 1.04081	2.9525 1.04147	       2.9525 1.04245	  2.9525 1.04289		  	      
2.9575 1.0438	     2.9575 1.0414	2.9575 1.04138	       2.9575 1.04277	  2.9575 1.04292		  	      
2.9625 1.04392	     2.9625 1.04163	2.9625 1.04164	       2.9625 1.04293	  2.9625 1.04325		  	      
2.9675 1.04395	     2.9675 1.04217	2.9675 1.04193	       2.9675 1.04307	  2.9675 1.04358		  	      
2.9725 1.04446	     2.9725 1.04216	2.9725 1.04191	       2.9725 1.04341	  2.9725 1.04369		  	      
2.9775 1.04496	     2.9775 1.04238	2.9775 1.04228	       2.9775 1.04347	  2.9775 1.04385		  	      
2.9825 1.04444	     2.9825 1.0422	2.9825 1.04232	       2.9825 1.04375	  2.9825 1.04414		  	      
2.9875 1.04503	     2.9875 1.04243	2.9875 1.04326	       2.9875 1.04383	  2.9875 1.04413		  	      
2.9925 1.0452	     2.9925 1.04309	2.9925 1.04261	       2.9925 1.04412	  2.9925 1.04449		  	      
2.9975 1.04539	     2.9975 1.04356	2.9975 1.04307	       2.9975 1.04446	  2.9975 1.04476		  	      
3.0025 1.0456	     3.0025 1.04314	3.0025 1.04363	       3.0025 1.04461	  3.0025 1.04488		  	      
3.0075 1.04581	     3.0075 1.04405	3.0075 1.04336	       3.0075 1.04489	  3.0075 1.04521		  	      
3.0125 1.04605	     3.0125 1.0434	3.0125 1.04383	       3.0125 1.04491	  3.0125 1.04523		  	      
3.0175 1.04617	     3.0175 1.04398	3.0175 1.04369	       3.0175 1.04512	  3.0175 1.04522		  	      
3.0225 1.04593	     3.0225 1.04418	3.0225 1.04435	       3.0225 1.04536	  3.0225 1.04548		  	      
3.0275 1.04646	     3.0275 1.04448	3.0275 1.04372	       3.0275 1.04566	  3.0275 1.04563		  	      
3.0325 1.04653	     3.0325 1.04407	3.0325 1.04505	       3.0325 1.0458	  3.0325 1.04578		  	      
3.0375 1.04693	     3.0375 1.04449	3.0375 1.04432	       3.0375 1.04579	  3.0375 1.04606		  	      
3.0425 1.04704	     3.0425 1.04456	3.0425 1.04441	       3.0425 1.04582	  3.0425 1.04634		  	      
3.0475 1.04737	     3.0475 1.04493	3.0475 1.04592	       3.0475 1.04629	  3.0475 1.04615		  	      
3.0525 1.04683	     3.0525 1.04512	3.0525 1.04481	       3.0525 1.04628	  3.0525 1.04654		  	      
3.0575 1.04762	     3.0575 1.04498	3.0575 1.04534	       3.0575 1.04646	  3.0575 1.04639		  	      
3.0625 1.04724	     3.0625 1.04543	3.0625 1.04523	       3.0625 1.04641	  3.0625 1.04648		  	      
3.0675 1.04726	     3.0675 1.04534	3.0675 1.04522	       3.0675 1.04661	  3.0675 1.04704		  	      
3.0725 1.04794	     3.0725 1.04563	3.0725 1.04578	       3.0725 1.04675	  3.0725 1.04699		  	      
3.0775 1.04746	     3.0775 1.04534	3.0775 1.0461	       3.0775 1.04679	  3.0775 1.04693		  	      
3.0825 1.04822	     3.0825 1.04547	3.0825 1.0458	       3.0825 1.04695	  3.0825 1.04733		  	      
3.0875 1.04782	     3.0875 1.04548	3.0875 1.04602	       3.0875 1.04708	  3.0875 1.047		  	      
3.0925 1.04815	     3.0925 1.04543	3.0925 1.04607	       3.0925 1.04696	  3.0925 1.04753		  	      
3.0975 1.0479	     3.0975 1.0454	3.0975 1.04617	       3.0975 1.0473	  3.0975 1.04741		  	      
3.1025 1.04807	     3.1025 1.04606	3.1025 1.04601	       3.1025 1.04712	  3.1025 1.0475		  	      
3.1075 1.04791	     3.1075 1.04548	3.1075 1.04567	       3.1075 1.04719	  3.1075 1.0473		  	      
3.1125 1.04802	     3.1125 1.04604	3.1125 1.04603	       3.1125 1.04725	  3.1125 1.0476		  	      
3.1175 1.04813	     3.1175 1.0458	3.1175 1.04595	       3.1175 1.04728	  3.1175 1.04758		  	      
3.1225 1.0482	     3.1225 1.04605	3.1225 1.04623	       3.1225 1.04732	  3.1225 1.04772		  	      
3.1275 1.04848	     3.1275 1.04575	3.1275 1.04598	       3.1275 1.04718	  3.1275 1.04757		  	      
3.1325 1.0483	     3.1325 1.04603	3.1325 1.04607	       3.1325 1.04733	  3.1325 1.04775		  	      
3.1375 1.04835	     3.1375 1.04611	3.1375 1.04616	       3.1375 1.04727	  3.1375 1.04768		  	      
3.1425 1.04804	     3.1425 1.04578	3.1425 1.04625	       3.1425 1.04741	  3.1425 1.04754		  	      
3.1475 1.04849	     3.1475 1.04607	3.1475 1.04604	       3.1475 1.04741	  3.1475 1.04753		  	      
3.1525 1.04803	     3.1525 1.0461	3.1525 1.04611	       3.1525 1.04736	  3.1525 1.04765		  	      
3.1575 1.04859	     3.1575 1.04624	3.1575 1.04667	       3.1575 1.04724	  3.1575 1.04753		  	      
3.1625 1.04782	     3.1625 1.04596	3.1625 1.0457	       3.1625 1.04721	  3.1625 1.04736		  	      
3.1675 1.04835	     3.1675 1.04619	3.1675 1.046	       3.1675 1.0473	  3.1675 1.04735		  	      
3.1725 1.04779	     3.1725 1.04568	3.1725 1.04574	       3.1725 1.04708	  3.1725 1.04745		  	      
3.1775 1.04769	     3.1775 1.04556	3.1775 1.04608	       3.1775 1.04709	  3.1775 1.04737		  	      
3.1825 1.04784	     3.1825 1.04529	3.1825 1.04591	       3.1825 1.04688	  3.1825 1.04714		  	      
3.1875 1.0482	     3.1875 1.04544	3.1875 1.04583	       3.1875 1.04678	  3.1875 1.04706		  	      
3.1925 1.04772	     3.1925 1.04509	3.1925 1.04558	       3.1925 1.04678	  3.1925 1.047		  	      
3.1975 1.04728	     3.1975 1.04568	3.1975 1.04569	       3.1975 1.04666	  3.1975 1.04689		  	      
3.2025 1.04739	     3.2025 1.04533	3.2025 1.04576	       3.2025 1.04659	  3.2025 1.04704		  	      
3.2075 1.04748	     3.2075 1.04512	3.2075 1.0452	       3.2075 1.04636	  3.2075 1.04656		  	      
3.2125 1.04721	     3.2125 1.04467	3.2125 1.04529	       3.2125 1.04629	  3.2125 1.04665		  	      
3.2175 1.04705	     3.2175 1.04483	3.2175 1.04501	       3.2175 1.04611	  3.2175 1.04638		  	      
3.2225 1.04702	     3.2225 1.04483	3.2225 1.04455	       3.2225 1.04606	  3.2225 1.04668		  	      
3.2275 1.04651	     3.2275 1.04448	3.2275 1.04479	       3.2275 1.04585	  3.2275 1.04644		  	      
3.2325 1.04662	     3.2325 1.04431	3.2325 1.04431	       3.2325 1.04569	  3.2325 1.04577		  	      
3.2375 1.04634	     3.2375 1.04368	3.2375 1.04449	       3.2375 1.04563	  3.2375 1.04608		  	      
3.2425 1.04632	     3.2425 1.04431	3.2425 1.04429	       3.2425 1.04535	  3.2425 1.04519		  	      
3.2475 1.04641	     3.2475 1.04366	3.2475 1.04415	       3.2475 1.04519	  3.2475 1.04548		  	      
3.2525 1.04595	     3.2525 1.04355	3.2525 1.04348	       3.2525 1.045	  3.2525 1.04519		  	      
3.2575 1.04566	     3.2575 1.04352	3.2575 1.04378	       3.2575 1.04482	  3.2575 1.04504		  	      
3.2625 1.04562	     3.2625 1.04318	3.2625 1.04241	       3.2625 1.04463	  3.2625 1.04493		  	      
3.2675 1.04564	     3.2675 1.04301	3.2675 1.04334	       3.2675 1.04457	  3.2675 1.0446		  	      
3.2725 1.04505	     3.2725 1.04286	3.2725 1.04305	       3.2725 1.04419	  3.2725 1.04455		  	      
3.2775 1.04507	     3.2775 1.04228	3.2775 1.0434	       3.2775 1.04408	  3.2775 1.04415		  	      
3.2825 1.04468	     3.2825 1.04238	3.2825 1.04241	       3.2825 1.04378	  3.2825 1.04404		  	      
3.2875 1.04428	     3.2875 1.04213	3.2875 1.04273	       3.2875 1.04362	  3.2875 1.04392		  	      
3.2925 1.04402	     3.2925 1.04188	3.2925 1.04244	       3.2925 1.04332	  3.2925 1.04356		  	      
3.2975 1.04394	     3.2975 1.04165	3.2975 1.04155	       3.2975 1.04319	  3.2975 1.04342		  	      
3.3025 1.0436	     3.3025 1.04163	3.3025 1.04152	       3.3025 1.04284	  3.3025 1.04325		  	      
3.3075 1.04381	     3.3075 1.04143	3.3075 1.0418	       3.3075 1.0427	  3.3075 1.04287		  	      
3.3125 1.04304	     3.3125 1.04109	3.3125 1.04172	       3.3125 1.04249	  3.3125 1.04257		  	      
3.3175 1.04315	     3.3175 1.04071	3.3175 1.04109	       3.3175 1.0421	  3.3175 1.04249		  	      
3.3225 1.04244	     3.3225 1.04072	3.3225 1.04048	       3.3225 1.04197	  3.3225 1.04191		  	      
3.3275 1.04227	     3.3275 1.03972	3.3275 1.04095	       3.3275 1.04163	  3.3275 1.04169		  	      
3.3325 1.04227	     3.3325 1.04007	3.3325 1.04025	       3.3325 1.04134	  3.3325 1.04175		  	      
3.3375 1.0417	     3.3375 1.03998	3.3375 1.03969	       3.3375 1.04116	  3.3375 1.04145		  	      
3.3425 1.04158	     3.3425 1.03928	3.3425 1.03947	       3.3425 1.04074	  3.3425 1.04121		  	      
3.3475 1.04101	     3.3475 1.03867	3.3475 1.03944	       3.3475 1.04055	  3.3475 1.04113		  	      
3.3525 1.04106	     3.3525 1.03888	3.3525 1.03948	       3.3525 1.04038	  3.3525 1.0405		  	      
3.3575 1.04061	     3.3575 1.03849	3.3575 1.03865	       3.3575 1.03998	  3.3575 1.04032		  	      
3.3625 1.04063	     3.3625 1.03801	3.3625 1.0386	       3.3625 1.0399	  3.3625 1.04018		  	      
3.3675 1.04001	     3.3675 1.03854	3.3675 1.03794	       3.3675 1.03948	  3.3675 1.03982		  	      
3.3725 1.04009	     3.3725 1.0379	3.3725 1.03785	       3.3725 1.03914	  3.3725 1.03948		  	      
3.3775 1.03984	     3.3775 1.03757	3.3775 1.03759	       3.3775 1.03896	  3.3775 1.03917		  	      
3.3825 1.03924	     3.3825 1.03765	3.3825 1.03765	       3.3825 1.03863	  3.3825 1.03875		  	      
3.3875 1.03909	     3.3875 1.03687	3.3875 1.03742	       3.3875 1.03833	  3.3875 1.0385		  	      
3.3925 1.03901	     3.3925 1.0363	3.3925 1.03665	       3.3925 1.0381	  3.3925 1.03846		  	      
3.3975 1.03851	     3.3975 1.03621	3.3975 1.03689	       3.3975 1.03785	  3.3975 1.03801		  	      
3.4025 1.03816	     3.4025 1.03665	3.4025 1.03581	       3.4025 1.03754	  3.4025 1.03799		  	      
3.4075 1.03806	     3.4075 1.03542	3.4075 1.03586	       3.4075 1.03735	  3.4075 1.03741		  	      
3.4125 1.03734	     3.4125 1.0357	3.4125 1.03588	       3.4125 1.03701	  3.4125 1.03695		  	      
3.4175 1.03754	     3.4175 1.03526	3.4175 1.03537	       3.4175 1.03678	  3.4175 1.037		  	      
3.4225 1.03735	     3.4225 1.03457	3.4225 1.03478	       3.4225 1.03642	  3.4225 1.03658		  	      
3.4275 1.03694	     3.4275 1.03472	3.4275 1.03452	       3.4275 1.03615	  3.4275 1.03639		  	      
3.4325 1.03654	     3.4325 1.03477	3.4325 1.03479	       3.4325 1.03585	  3.4325 1.0363		  	      
3.4375 1.03644	     3.4375 1.0339	3.4375 1.03444	       3.4375 1.03563	  3.4375 1.03588		  	      
3.4425 1.03596	     3.4425 1.03355	3.4425 1.03412	       3.4425 1.03543	  3.4425 1.03552		  	      
3.4475 1.03577	     3.4475 1.03318	3.4475 1.03332	       3.4475 1.03501	  3.4475 1.03537		  	      
3.4525 1.03552	     3.4525 1.03327	3.4525 1.03366	       3.4525 1.03483	  3.4525 1.03501		  	      
3.4575 1.03517	     3.4575 1.03281	3.4575 1.03349	       3.4575 1.03452	  3.4575 1.03493		  	      
3.4625 1.03471	     3.4625 1.03295	3.4625 1.03265	       3.4625 1.03419	  3.4625 1.03449		  	      
3.4675 1.0347	     3.4675 1.03253	3.4675 1.03273	       3.4675 1.03398	  3.4675 1.03404		  	      
3.4725 1.03443	     3.4725 1.0325	3.4725 1.03222	       3.4725 1.03365	  3.4725 1.03397		  	      
3.4775 1.03402	     3.4775 1.03203	3.4775 1.03183	       3.4775 1.03332	  3.4775 1.03373		  	      
3.4825 1.03374	     3.4825 1.03157	3.4825 1.03208	       3.4825 1.03306	  3.4825 1.03324		  	      
3.4875 1.03333	     3.4875 1.03131	3.4875 1.03146	       3.4875 1.03287	  3.4875 1.03315		  	      
3.4925 1.03334	     3.4925 1.03172	3.4925 1.03154	       3.4925 1.03265	  3.4925 1.03276		  	      
3.4975 1.03284	     3.4975 1.03115	3.4975 1.03126	       3.4975 1.03235	  3.4975 1.03254		  	      
3.5025 1.03262	     3.5025 1.03058	3.5025 1.03091	       3.5025 1.03203	  3.5025 1.03246		  	      
3.5075 1.0323	     3.5075 1.02999	3.5075 1.03054	       3.5075 1.03185	  3.5075 1.03218		  	      
3.5125 1.03251	     3.5125 1.02999	3.5125 1.03021	       3.5125 1.03164	  3.5125 1.03176		  	      
3.5175 1.03217	     3.5175 1.02967	3.5175 1.02992	       3.5175 1.03134	  3.5175 1.03158		  	      
3.5225 1.03207	     3.5225 1.02982	3.5225 1.03019	       3.5225 1.03117	  3.5225 1.03131		  	      
3.5275 1.03176	     3.5275 1.02944	3.5275 1.02956	       3.5275 1.03093	  3.5275 1.03117		  	      
3.5325 1.03133	     3.5325 1.02913	3.5325 1.02942	       3.5325 1.03075	  3.5325 1.03099		  	      
3.5375 1.03103	     3.5375 1.0292	3.5375 1.02905	       3.5375 1.03045	  3.5375 1.03085		  	      
3.5425 1.03053	     3.5425 1.02823	3.5425 1.02877	       3.5425 1.03031	  3.5425 1.0303		  	      
3.5475 1.03071	     3.5475 1.02879	3.5475 1.02885	       3.5475 1.02997	  3.5475 1.03008		  	      
3.5525 1.03037	     3.5525 1.0284	3.5525 1.02906	       3.5525 1.02981	  3.5525 1.02991		  	      
3.5575 1.02983	     3.5575 1.02794	3.5575 1.02843	       3.5575 1.02944	  3.5575 1.02976		  	      
3.5625 1.0299	     3.5625 1.0271	3.5625 1.02802	       3.5625 1.02922	  3.5625 1.02933		  	      
3.5675 1.02973	     3.5675 1.02706	3.5675 1.02822	       3.5675 1.02904	  3.5675 1.02919		  	      
3.5725 1.02968	     3.5725 1.02754	3.5725 1.02769	       3.5725 1.02891	  3.5725 1.02892		  	      
3.5775 1.02921	     3.5775 1.02752	3.5775 1.02763	       3.5775 1.02877	  3.5775 1.02902		  	      
3.5825 1.02937	     3.5825 1.0269	3.5825 1.02768	       3.5825 1.02837	  3.5825 1.0289		  	      
3.5875 1.02893	     3.5875 1.02634	3.5875 1.02718	       3.5875 1.02843	  3.5875 1.02857		  	      
3.5925 1.02847	     3.5925 1.0266	3.5925 1.02656	       3.5925 1.02814	  3.5925 1.02819		  	      
3.5975 1.0284	     3.5975 1.02646	3.5975 1.0267	       3.5975 1.02798	  3.5975 1.02798		  	      
3.6025 1.02849	     3.6025 1.026	3.6025 1.02652	       3.6025 1.02773	  3.6025 1.02801		  	      
3.6075 1.02822	     3.6075 1.02576	3.6075 1.02669	       3.6075 1.02754	  3.6075 1.02781		  	      
3.6125 1.02794	     3.6125 1.02574	3.6125 1.02613	       3.6125 1.02734	  3.6125 1.02762		  	      
3.6175 1.02798	     3.6175 1.0255	3.6175 1.02585	       3.6175 1.02708	  3.6175 1.02724		  	      
3.6225 1.02762	     3.6225 1.02567	3.6225 1.02581	       3.6225 1.02701	  3.6225 1.02724		  	      
3.6275 1.02728	     3.6275 1.02509	3.6275 1.02568	       3.6275 1.02681	  3.6275 1.02732		  	      
3.6325 1.02721	     3.6325 1.0255	3.6325 1.0255	       3.6325 1.02668	  3.6325 1.02678		  	      
3.6375 1.02736	     3.6375 1.02468	3.6375 1.02547	       3.6375 1.02653	  3.6375 1.02678		  	      
3.6425 1.02692	     3.6425 1.02496	3.6425 1.02507	       3.6425 1.02641	  3.6425 1.02665		  	      
3.6475 1.02706	     3.6475 1.02459	3.6475 1.02445	       3.6475 1.0261	  3.6475 1.0264		  	      
3.6525 1.02687	     3.6525 1.02508	3.6525 1.02445	       3.6525 1.02603	  3.6525 1.02614		  	      
3.6575 1.02656	     3.6575 1.02423	3.6575 1.02439	       3.6575 1.02585	  3.6575 1.02609		  	      
3.6625 1.02641	     3.6625 1.02422	3.6625 1.0244	       3.6625 1.02574	  3.6625 1.02604		  	      
3.6675 1.02606	     3.6675 1.02422	3.6675 1.02499	       3.6675 1.0255	  3.6675 1.02573		  	      
3.6725 1.02609	     3.6725 1.02437	3.6725 1.02416	       3.6725 1.02544	  3.6725 1.02594		  	      
3.6775 1.02588	     3.6775 1.02385	3.6775 1.02424	       3.6775 1.02528	  3.6775 1.02563		  	      
3.6825 1.02589	     3.6825 1.0236	3.6825 1.02389	       3.6825 1.02509	  3.6825 1.02542		  	      
3.6875 1.02564	     3.6875 1.0234	3.6875 1.02415	       3.6875 1.02503	  3.6875 1.02537		  	      
3.6925 1.02538	     3.6925 1.02348	3.6925 1.02396	       3.6925 1.02479	  3.6925 1.02511		  	      
3.6975 1.02541	     3.6975 1.02365	3.6975 1.02366	       3.6975 1.02475	  3.6975 1.02501		  	      
3.7025 1.02525	     3.7025 1.02298	3.7025 1.02353	       3.7025 1.02459	  3.7025 1.02503		  	      
3.7075 1.0253	     3.7075 1.02289	3.7075 1.02305	       3.7075 1.0246	  3.7075 1.02507		  	      
3.7125 1.02492	     3.7125 1.02297	3.7125 1.02317	       3.7125 1.02449	  3.7125 1.02475		  	      
3.7175 1.0248	     3.7175 1.02251	3.7175 1.0228	       3.7175 1.02432	  3.7175 1.02464		  	      
3.7225 1.02472	     3.7225 1.02256	3.7225 1.02302	       3.7225 1.02401	  3.7225 1.0247		  	      
3.7275 1.0248	     3.7275 1.02236	3.7275 1.02262	       3.7275 1.02408	  3.7275 1.02446		  	      
3.7325 1.02441	     3.7325 1.02229	3.7325 1.02276	       3.7325 1.02403	  3.7325 1.02436		  	      
3.7375 1.02493	     3.7375 1.02261	3.7375 1.02261	       3.7375 1.02388	  3.7375 1.02409		  	      
3.7425 1.02434	     3.7425 1.0225	3.7425 1.02272	       3.7425 1.02373	  3.7425 1.02428		  	      
3.7475 1.02421	     3.7475 1.02213	3.7475 1.02237	       3.7475 1.02378	  3.7475 1.02399		  	      
3.7525 1.02392	     3.7525 1.02208	3.7525 1.02247	       3.7525 1.02351	  3.7525 1.02392		  	      
3.7575 1.02454	     3.7575 1.02181	3.7575 1.02229	       3.7575 1.02344	  3.7575 1.02385		  	      
3.7625 1.02431	     3.7625 1.02209	3.7625 1.02261	       3.7625 1.02347	  3.7625 1.02367		  	      
3.7675 1.02428	     3.7675 1.02162	3.7675 1.02209	       3.7675 1.02331	  3.7675 1.02354		  	      
3.7725 1.02394	     3.7725 1.02169	3.7725 1.02275	       3.7725 1.02336	  3.7725 1.02366		  	      
3.7775 1.02356	     3.7775 1.02161	3.7775 1.02181	       3.7775 1.02316	  3.7775 1.0234		  	      
3.7825 1.02357	     3.7825 1.02117	3.7825 1.0217	       3.7825 1.02303	  3.7825 1.02344		  	      
3.7875 1.02333	     3.7875 1.02137	3.7875 1.02162	       3.7875 1.02304	  3.7875 1.02342		  	      
3.7925 1.02336	     3.7925 1.02132	3.7925 1.0218	       3.7925 1.023	  3.7925 1.02299		  	      
3.7975 1.02356	     3.7975 1.02104	3.7975 1.02144	       3.7975 1.02296	  3.7975 1.02345		  	      
3.8025 1.02321	     3.8025 1.02161	3.8025 1.02166	       3.8025 1.02288	  3.8025 1.02339		  	      
3.8075 1.02328	     3.8075 1.0214	3.8075 1.02146	       3.8075 1.0227	  3.8075 1.02287		  	      
3.8125 1.02291	     3.8125 1.02142	3.8125 1.02154	       3.8125 1.02264	  3.8125 1.0229		  	      
3.8175 1.02323	     3.8175 1.02129	3.8175 1.02168	       3.8175 1.02273	  3.8175 1.02287		  	      
3.8225 1.02305	     3.8225 1.02093	3.8225 1.02132	       3.8225 1.02261	  3.8225 1.02299		  	      
3.8275 1.02317	     3.8275 1.02068	3.8275 1.02114	       3.8275 1.02241	  3.8275 1.02259		  	      
3.8325 1.02298	     3.8325 1.0211	3.8325 1.02162	       3.8325 1.02237	  3.8325 1.02303		  	      
3.8375 1.02295	     3.8375 1.02093	3.8375 1.02104	       3.8375 1.02231	  3.8375 1.02272		  	      
3.8425 1.02308	     3.8425 1.0209	3.8425 1.02082	       3.8425 1.02225	  3.8425 1.02262		  	      
3.8475 1.02288	     3.8475 1.02091	3.8475 1.02083	       3.8475 1.02212	  3.8475 1.02251		  	      
3.8525 1.02276	     3.8525 1.02052	3.8525 1.02124	       3.8525 1.02222	  3.8525 1.02232		  	      
3.8575 1.02253	     3.8575 1.02042	3.8575 1.02079	       3.8575 1.02206	  3.8575 1.02278		  	      
3.8625 1.0225	     3.8625 1.02062	3.8625 1.02108	       3.8625 1.02221	  3.8625 1.02246		  	      
3.8675 1.0226	     3.8675 1.02068	3.8675 1.02079	       3.8675 1.02204	  3.8675 1.02249		  	      
3.8725 1.02227	     3.8725 1.02066	3.8725 1.0208	       3.8725 1.02205	  3.8725 1.0224		  	      
3.8775 1.02229	     3.8775 1.02019	3.8775 1.0206	       3.8775 1.02192	  3.8775 1.02221		  	      
3.8825 1.02237	     3.8825 1.02047	3.8825 1.02063	       3.8825 1.0219	  3.8825 1.0223		  	      
3.8875 1.02239	     3.8875 1.02031	3.8875 1.021	       3.8875 1.02194	  3.8875 1.02209		  	      
3.8925 1.02244	     3.8925 1.02041	3.8925 1.02038	       3.8925 1.02185	  3.8925 1.02237		  	      
3.8975 1.02238	     3.8975 1.02018	3.8975 1.02051	       3.8975 1.02181	  3.8975 1.02216		  	      
3.9025 1.02244	     3.9025 1.01979	3.9025 1.02049	       3.9025 1.02171	  3.9025 1.02204		  	      
3.9075 1.02213	     3.9075 1.02042	3.9075 1.02096	       3.9075 1.02167	  3.9075 1.02206		  	      
3.9125 1.02224	     3.9125 1.01991	3.9125 1.02088	       3.9125 1.02163	  3.9125 1.02185		  	      
3.9175 1.02207	     3.9175 1.01977	3.9175 1.02022	       3.9175 1.02169	  3.9175 1.0221		  	      
3.9225 1.02206	     3.9225 1.02002	3.9225 1.02043	       3.9225 1.02158	  3.9225 1.02179		  	      
3.9275 1.02214	     3.9275 1.02	3.9275 1.02038	       3.9275 1.02152	  3.9275 1.02185		  	      
3.9325 1.02186	     3.9325 1.01985	3.9325 1.02026	       3.9325 1.02141	  3.9325 1.02172		  	      
3.9375 1.02202	     3.9375 1.02001	3.9375 1.02019	       3.9375 1.02157	  3.9375 1.02214		  	      
3.9425 1.0217	     3.9425 1.02012	3.9425 1.0199	       3.9425 1.02143	  3.9425 1.02177		  	      
3.9475 1.02208	     3.9475 1.01992	3.9475 1.02021	       3.9475 1.02143	  3.9475 1.02172		  	      
3.9525 1.02162	     3.9525 1.01988	3.9525 1.02016	       3.9525 1.02146	  3.9525 1.02179		  	      
3.9575 1.02202	     3.9575 1.01985	3.9575 1.02015	       3.9575 1.02132	  3.9575 1.02158		  	      
3.9625 1.02172	     3.9625 1.0197	3.9625 1.02049	       3.9625 1.02124	  3.9625 1.02156		  	      
3.9675 1.0219	     3.9675 1.0198	3.9675 1.02004	       3.9675 1.02118	  3.9675 1.02173		  	      
3.9725 1.02154	     3.9725 1.01939	3.9725 1.01966	       3.9725 1.02124	  3.9725 1.02153		  	      
3.9775 1.02186	     3.9775 1.01958	3.9775 1.02022	       3.9775 1.02122	  3.9775 1.02146		  	      
3.9825 1.02153	     3.9825 1.01945	3.9825 1.01982	       3.9825 1.02117	  3.9825 1.0215		  	      
3.9875 1.02141	     3.9875 1.01971	3.9875 1.01971	       3.9875 1.02119	  3.9875 1.02137		  	      
3.9925 1.0215	     3.9925 1.01927	3.9925 1.01971	       3.9925 1.02108	  3.9925 1.02128		  	      
3.9975 1.02153	     3.9975 1.01932	3.9975 1.01981	       3.9975 1.02101	  3.9975 1.02135		  	      
4.0025 1.02168	     4.0025 1.01969	4.0025 1.0196	       4.0025 1.02093	  4.0025 1.0213		  	      
4.0075 1.02119	     4.0075 1.01913	4.0075 1.02008	       4.0075 1.02099	  4.0075 1.02107		  	      
4.0125 1.02126	     4.0125 1.01937	4.0125 1.01944	       4.0125 1.02094	  4.0125 1.02132		  	      
4.0175 1.021	     4.0175 1.01885	4.0175 1.01947	       4.0175 1.02074	  4.0175 1.02139		  	      
4.0225 1.02125	     4.0225 1.01943	4.0225 1.01979	       4.0225 1.02087	  4.0225 1.02108		  	      
4.0275 1.02134	     4.0275 1.01907	4.0275 1.01904	       4.0275 1.02081	  4.0275 1.02115		  	      
4.0325 1.02116	     4.0325 1.01898	4.0325 1.01934	       4.0325 1.02077	  4.0325 1.02095		  	      
4.0375 1.02096	     4.0375 1.01937	4.0375 1.01953	       4.0375 1.0208	  4.0375 1.02098		  	      
4.0425 1.02151	     4.0425 1.01907	4.0425 1.01986	       4.0425 1.02056	  4.0425 1.02078		  	      
4.0475 1.02117	     4.0475 1.01902	4.0475 1.01954	       4.0475 1.0206	  4.0475 1.02095		  	      
4.0525 1.02083	     4.0525 1.01877	4.0525 1.01937	       4.0525 1.02064	  4.0525 1.02081		  	      
4.0575 1.02064	     4.0575 1.01895	4.0575 1.019	       4.0575 1.02052	  4.0575 1.02085		  	      
4.0625 1.0212	     4.0625 1.01901	4.0625 1.01901	       4.0625 1.0205	  4.0625 1.0206		  	      
4.0675 1.02073	     4.0675 1.01881	4.0675 1.01931	       4.0675 1.02048	  4.0675 1.02087		  	      
4.0725 1.02082	     4.0725 1.01866	4.0725 1.01905	       4.0725 1.02047	  4.0725 1.0209		  	      
4.0775 1.02059	     4.0775 1.01824	4.0775 1.01912	       4.0775 1.02031	  4.0775 1.02067		  	      
4.0825 1.02091	     4.0825 1.01869	4.0825 1.01897	       4.0825 1.02025	  4.0825 1.02065		  	      
4.0875 1.02063	     4.0875 1.01859	4.0875 1.019	       4.0875 1.02022	  4.0875 1.02048		  	      
4.0925 1.02041	     4.0925 1.01855	4.0925 1.01896	       4.0925 1.02018	  4.0925 1.02036		  	      
4.0975 1.02065	     4.0975 1.01847	4.0975 1.01894	       4.0975 1.02005	  4.0975 1.02041		  	      
4.1025 1.0203	     4.1025 1.01833	4.1025 1.01861	       4.1025 1.02006	  4.1025 1.02041		  	      
4.1075 1.02039	     4.1075 1.01845	4.1075 1.01842	       4.1075 1.01998	  4.1075 1.0204		  	      
4.1125 1.0201	     4.1125 1.01827	4.1125 1.01855	       4.1125 1.01997	  4.1125 1.02023		  	      
4.1175 1.02046	     4.1175 1.01846	4.1175 1.01878	       4.1175 1.0199	  4.1175 1.02028		  	      
4.1225 1.02037	     4.1225 1.01828	4.1225 1.01858	       4.1225 1.01989	  4.1225 1.01996		  	      
4.1275 1.0202	     4.1275 1.01829	4.1275 1.01863	       4.1275 1.01986	  4.1275 1.01997		  	      
4.1325 1.02042	     4.1325 1.01823	4.1325 1.01861	       4.1325 1.01982	  4.1325 1.01992		  	      
4.1375 1.02011	     4.1375 1.01847	4.1375 1.01845	       4.1375 1.01968	  4.1375 1.02011		  	      
4.1425 1.02017	     4.1425 1.01788	4.1425 1.01843	       4.1425 1.01957	  4.1425 1.01972		  	      
4.1475 1.01991	     4.1475 1.01805	4.1475 1.01831	       4.1475 1.01954	  4.1475 1.0198		  	      
4.1525 1.01979	     4.1525 1.01777	4.1525 1.01827	       4.1525 1.01945	  4.1525 1.01971		  	      
4.1575 1.01969	     4.1575 1.01773	4.1575 1.01802	       4.1575 1.01942	  4.1575 1.01977		  	      
4.1625 1.01984	     4.1625 1.01757	4.1625 1.01787	       4.1625 1.01931	  4.1625 1.01981		  	      
4.1675 1.0196	     4.1675 1.01789	4.1675 1.01798	       4.1675 1.01935	  4.1675 1.01941		  	      
4.1725 1.01964	     4.1725 1.01781	4.1725 1.01831	       4.1725 1.01922	  4.1725 1.01943		  	      
4.1775 1.01992	     4.1775 1.01754	4.1775 1.01817	       4.1775 1.01923	  4.1775 1.0194		  	      
4.1825 1.01948	     4.1825 1.01736	4.1825 1.01751	       4.1825 1.01912	  4.1825 1.0196		  	      
4.1875 1.01932	     4.1875 1.01732	4.1875 1.01747	       4.1875 1.01909	  4.1875 1.01924		  	      
4.1925 1.01917	     4.1925 1.01709	4.1925 1.01709	       4.1925 1.01897	  4.1925 1.01937		  	      
4.1975 1.01944	     4.1975 1.01704	4.1975 1.01776	       4.1975 1.01891	  4.1975 1.01929		  	      
4.2025 1.01883	     4.2025 1.01753	4.2025 1.01747	       4.2025 1.01883	  4.2025 1.01935		  	      
4.2075 1.01928	     4.2075 1.01752	4.2075 1.0174	       4.2075 1.01884	  4.2075 1.01908		  	      
4.2125 1.01894	     4.2125 1.01689	4.2125 1.01723	       4.2125 1.01869	  4.2125 1.0189		  	      
4.2175 1.01917	     4.2175 1.01676	4.2175 1.01723	       4.2175 1.01855	  4.2175 1.0189		  	      
4.2225 1.01892	     4.2225 1.01725	4.2225 1.01743	       4.2225 1.01862	  4.2225 1.01891		  	      
4.2275 1.01885	     4.2275 1.01683	4.2275 1.01743	       4.2275 1.01849	  4.2275 1.01869		  	      
4.2325 1.01884	     4.2325 1.0164	4.2325 1.01732	       4.2325 1.01832	  4.2325 1.01874		  	      
4.2375 1.01879	     4.2375 1.01665	4.2375 1.01759	       4.2375 1.01836	  4.2375 1.01889		  	      
4.2425 1.01865	     4.2425 1.01652	4.2425 1.0167	       4.2425 1.01831	  4.2425 1.01871		  	      
4.2475 1.01847	     4.2475 1.01638	4.2475 1.01715	       4.2475 1.01821	  4.2475 1.01845		  	      
4.2525 1.01849	     4.2525 1.0165	4.2525 1.01684	       4.2525 1.01801	  4.2525 1.01826		  	      
4.2575 1.0183	     4.2575 1.01601	4.2575 1.01682	       4.2575 1.01807	  4.2575 1.0184		  	      
4.2625 1.01838	     4.2625 1.01626	4.2625 1.01654	       4.2625 1.01799	  4.2625 1.01825		  	      
4.2675 1.01806	     4.2675 1.01625	4.2675 1.01672	       4.2675 1.01777	  4.2675 1.01816		  	      
4.2725 1.01803	     4.2725 1.0161	4.2725 1.01639	       4.2725 1.01787	  4.2725 1.018		  	      
4.2775 1.01797	     4.2775 1.0162	4.2775 1.01657	       4.2775 1.01771	  4.2775 1.01796		  	      
4.2825 1.01776	     4.2825 1.01619	4.2825 1.01608	       4.2825 1.0177	  4.2825 1.01793		  	      
4.2875 1.01778	     4.2875 1.01584	4.2875 1.01595	       4.2875 1.01755	  4.2875 1.01785		  	      
4.2925 1.0178	     4.2925 1.01576	4.2925 1.01599	       4.2925 1.01749	  4.2925 1.01784		  	      
4.2975 1.01753	     4.2975 1.01578	4.2975 1.01579	       4.2975 1.01748	  4.2975 1.01768		  	      
4.3025 1.01751	     4.3025 1.01553	4.3025 1.01589	       4.3025 1.01734	  4.3025 1.0177		  	      
4.3075 1.01733	     4.3075 1.01548	4.3075 1.01593	       4.3075 1.01724	  4.3075 1.01754		  	      
4.3125 1.01734	     4.3125 1.01533	4.3125 1.01592	       4.3125 1.01703	  4.3125 1.01737		  	      
4.3175 1.01736	     4.3175 1.0155	4.3175 1.01607	       4.3175 1.01709	  4.3175 1.01728		  	      
4.3225 1.01704	     4.3225 1.01506	4.3225 1.01569	       4.3225 1.01702	  4.3225 1.0172		  	      
4.3275 1.01679	     4.3275 1.01514	4.3275 1.01534	       4.3275 1.01692	  4.3275 1.01705		  	      
4.3325 1.01696	     4.3325 1.01522	4.3325 1.01571	       4.3325 1.01675	  4.3325 1.01712		  	      
4.3375 1.01707	     4.3375 1.0148	4.3375 1.01508	       4.3375 1.01665	  4.3375 1.0171		  	      
4.3425 1.01683	     4.3425 1.01517	4.3425 1.01507	       4.3425 1.01662	  4.3425 1.01686		  	      
4.3475 1.01697	     4.3475 1.01478	4.3475 1.01511	       4.3475 1.01648	  4.3475 1.01678		  	      
4.3525 1.0168	     4.3525 1.01441	4.3525 1.0152	       4.3525 1.0164	  4.3525 1.01677		  	      
4.3575 1.01664	     4.3575 1.01473	4.3575 1.01476	       4.3575 1.01634	  4.3575 1.01676		  	      
4.3625 1.01642	     4.3625 1.01431	4.3625 1.01475	       4.3625 1.01629	  4.3625 1.01655		  	      
4.3675 1.01659	     4.3675 1.01452	4.3675 1.01471	       4.3675 1.01603	  4.3675 1.01641		  	      
4.3725 1.01643	     4.3725 1.01398	4.3725 1.01482	       4.3725 1.01608	  4.3725 1.01626		  	      
4.3775 1.01626	     4.3775 1.01402	4.3775 1.0144	       4.3775 1.01596	  4.3775 1.01616		  	      
4.3825 1.01636	     4.3825 1.01441	4.3825 1.01441	       4.3825 1.01582	  4.3825 1.01605		  	      
4.3875 1.01572	     4.3875 1.01392	4.3875 1.01466	       4.3875 1.01589	  4.3875 1.01614		  	      
4.3925 1.01594	     4.3925 1.01383	4.3925 1.0141	       4.3925 1.01573	  4.3925 1.01585		  	      
4.3975 1.01585	     4.3975 1.01384	4.3975 1.01433	       4.3975 1.01564	  4.3975 1.0158		  	      
4.4025 1.01577	     4.4025 1.01414	4.4025 1.01442	       4.4025 1.01548	  4.4025 1.01584		  	      
4.4075 1.01587	     4.4075 1.01388	4.4075 1.01406	       4.4075 1.01545	  4.4075 1.01561		  	      
4.4125 1.01559	     4.4125 1.01356	4.4125 1.01404	       4.4125 1.01528	  4.4125 1.01556		  	      
4.4175 1.01538	     4.4175 1.01317	4.4175 1.01426	       4.4175 1.01518	  4.4175 1.01548		  	      
4.4225 1.01531	     4.4225 1.0135	4.4225 1.01415	       4.4225 1.01517	  4.4225 1.01551		  	      
4.4275 1.01518	     4.4275 1.01295	4.4275 1.0135	       4.4275 1.01513	  4.4275 1.0152		  	      
4.4325 1.01508	     4.4325 1.0132	4.4325 1.01404	       4.4325 1.01494	  4.4325 1.01515		  	      
4.4375 1.01503	     4.4375 1.013	4.4375 1.01315	       4.4375 1.01485	  4.4375 1.01493		  	      
4.4425 1.01511	     4.4425 1.01284	4.4425 1.01347	       4.4425 1.01477	  4.4425 1.01485		  	      
4.4475 1.01502	     4.4475 1.01275	4.4475 1.01355	       4.4475 1.0147	  4.4475 1.01496		  	      
4.4525 1.01519	     4.4525 1.01278	4.4525 1.01322	       4.4525 1.01462	  4.4525 1.01474		  	      
4.4575 1.01447	     4.4575 1.01269	4.4575 1.01337	       4.4575 1.01444	  4.4575 1.01479		  	      
4.4625 1.01441	     4.4625 1.01316	4.4625 1.01307	       4.4625 1.01442	  4.4625 1.01466		  	      
4.4675 1.0146	     4.4675 1.01258	4.4675 1.01308	       4.4675 1.01435	  4.4675 1.01459		  	      
4.4725 1.01474	     4.4725 1.01255	4.4725 1.01284	       4.4725 1.01414	  4.4725 1.01471		  	      
4.4775 1.01425	     4.4775 1.01233	4.4775 1.01267	       4.4775 1.01408	  4.4775 1.01454		  	      
4.4825 1.01415	     4.4825 1.01219	4.4825 1.01251	       4.4825 1.01396	  4.4825 1.01434		  	      
4.4875 1.01423	     4.4875 1.01216	4.4875 1.01321	       4.4875 1.01397	  4.4875 1.01424		  	      
4.4925 1.01395	     4.4925 1.0122	4.4925 1.01219	       4.4925 1.01395	  4.4925 1.01423		  	      
4.4975 1.01389	     4.4975 1.01202	4.4975 1.01232	       4.4975 1.01377	  4.4975 1.01396		  	      
4.5025 1.01381	     4.5025 1.01217	4.5025 1.01233	       4.5025 1.01369	  4.5025 1.01409		  	      
4.5075 1.01373	     4.5075 1.01191	4.5075 1.01233	       4.5075 1.01354	  4.5075 1.01365		  	      
4.5125 1.01401	     4.5125 1.01192	4.5125 1.01196	       4.5125 1.01345	  4.5125 1.01376		  	      
4.5175 1.01366	     4.5175 1.01171	4.5175 1.01236	       4.5175 1.01346	  4.5175 1.01376		  	      
4.5225 1.01356	     4.5225 1.01169	4.5225 1.01195	       4.5225 1.01335	  4.5225 1.01357		  	      
4.5275 1.01361	     4.5275 1.01145	4.5275 1.01216	       4.5275 1.01332	  4.5275 1.01357		  	      
4.5325 1.01348	     4.5325 1.01115	4.5325 1.01205	       4.5325 1.01311	  4.5325 1.01333		  	      
4.5375 1.01333	     4.5375 1.01155	4.5375 1.0116	       4.5375 1.01303	  4.5375 1.01329		  	      
4.5425 1.01354	     4.5425 1.01136	4.5425 1.01176	       4.5425 1.01305	  4.5425 1.01335		  	      
4.5475 1.01304	     4.5475 1.01137	4.5475 1.01151	       4.5475 1.01294	  4.5475 1.01325		  	      
4.5525 1.01294	     4.5525 1.01118	4.5525 1.01164	       4.5525 1.01294	  4.5525 1.01305		  	      
4.5575 1.0131	     4.5575 1.01095	4.5575 1.01155	       4.5575 1.01268	  4.5575 1.01302		  	      
4.5625 1.01248	     4.5625 1.01101	4.5625 1.01136	       4.5625 1.01266	  4.5625 1.01295		  	      
4.5675 1.01292	     4.5675 1.01093	4.5675 1.01108	       4.5675 1.01252	  4.5675 1.01298		  	      
4.5725 1.01247	     4.5725 1.0108	4.5725 1.01115	       4.5725 1.0125	  4.5725 1.01256		  	      
4.5775 1.01244	     4.5775 1.01085	4.5775 1.01138	       4.5775 1.01233	  4.5775 1.01262		  	      
4.5825 1.01258	     4.5825 1.01043	4.5825 1.01135	       4.5825 1.01235	  4.5825 1.01248		  	      
4.5875 1.01261	     4.5875 1.01055	4.5875 1.0108	       4.5875 1.01231	  4.5875 1.01265		  	      
4.5925 1.01224	     4.5925 1.01066	4.5925 1.01074	       4.5925 1.01216	  4.5925 1.01244		  	      
4.5975 1.01257	     4.5975 1.01009	4.5975 1.01088	       4.5975 1.01201	  4.5975 1.01247		  	      
4.6025 1.0122	     4.6025 1.01037	4.6025 1.01061	       4.6025 1.01206	  4.6025 1.01246		  	      
4.6075 1.0121	     4.6075 1.01032	4.6075 1.01051	       4.6075 1.01192	  4.6075 1.01209		  	      
4.6125 1.01189	     4.6125 1.00992	4.6125 1.0107	       4.6125 1.01184	  4.6125 1.01238		  	      
4.6175 1.01187	     4.6175 1.0099	4.6175 1.01055	       4.6175 1.01175	  4.6175 1.01201		  	      
4.6225 1.01198	     4.6225 1.00996	4.6225 1.01024	       4.6225 1.01177	  4.6225 1.01194		  	      
4.6275 1.01179	     4.6275 1.00992	4.6275 1.01028	       4.6275 1.01172	  4.6275 1.01198		  	      
4.6325 1.01173	     4.6325 1.00975	4.6325 1.00995	       4.6325 1.01155	  4.6325 1.01186		  	      
4.6375 1.01174	     4.6375 1.00967	4.6375 1.01006	       4.6375 1.01146	  4.6375 1.01191		  	      
4.6425 1.0115	     4.6425 1.00986	4.6425 1.0102	       4.6425 1.01143	  4.6425 1.01159		  	      
4.6475 1.01169	     4.6475 1.00954	4.6475 1.00985	       4.6475 1.0114	  4.6475 1.01164		  	      
4.6525 1.01158	     4.6525 1.00985	4.6525 1.01003	       4.6525 1.01128	  4.6525 1.01159		  	      
4.6575 1.01136	     4.6575 1.0094	4.6575 1.00992	       4.6575 1.01127	  4.6575 1.01141		  	      
4.6625 1.0113	     4.6625 1.00937	4.6625 1.00983	       4.6625 1.01104	  4.6625 1.01144		  	      
4.6675 1.01114	     4.6675 1.00925	4.6675 1.00995	       4.6675 1.01112	  4.6675 1.01131		  	      
4.6725 1.01149	     4.6725 1.00906	4.6725 1.00973	       4.6725 1.01093	  4.6725 1.01117		  	      
4.6775 1.01105	     4.6775 1.0092	4.6775 1.00952	       4.6775 1.01091	  4.6775 1.0111		  	      
4.6825 1.01104	     4.6825 1.00919	4.6825 1.00969	       4.6825 1.01088	  4.6825 1.01115		  	      
4.6875 1.01094	     4.6875 1.00895	4.6875 1.00925	       4.6875 1.01082	  4.6875 1.01099		  	      
4.6925 1.01113	     4.6925 1.00897	4.6925 1.00908	       4.6925 1.01081	  4.6925 1.01122		  	      
4.6975 1.01102	     4.6975 1.00858	4.6975 1.00915	       4.6975 1.01061	  4.6975 1.01089		  	      
4.7025 1.01071	     4.7025 1.00885	4.7025 1.00908	       4.7025 1.01062	  4.7025 1.01088		  	      
4.7075 1.01091	     4.7075 1.00876	4.7075 1.00885	       4.7075 1.0105	  4.7075 1.01095		  	      
4.7125 1.01078	     4.7125 1.00893	4.7125 1.00874	       4.7125 1.0104	  4.7125 1.01068		  	      
4.7175 1.01056	     4.7175 1.00834	4.7175 1.00884	       4.7175 1.01046	  4.7175 1.01063		  	      
4.7225 1.01041	     4.7225 1.00865	4.7225 1.00913	       4.7225 1.01032	  4.7225 1.01068		  	      
4.7275 1.01067	     4.7275 1.00861	4.7275 1.00855	       4.7275 1.0102	  4.7275 1.01048		  	      
4.7325 1.0104	     4.7325 1.00866	4.7325 1.0089	       4.7325 1.01019	  4.7325 1.01032		  	      
4.7375 1.01017	     4.7375 1.00832	4.7375 1.00847	       4.7375 1.01007	  4.7375 1.0105		  	      
4.7425 1.01046	     4.7425 1.00824	4.7425 1.00864	       4.7425 1.01004	  4.7425 1.0103		  	      
4.7475 1.00996	     4.7475 1.00878	4.7475 1.00863	       4.7475 1.00996	  4.7475 1.0104		  	      
4.7525 1.01002	     4.7525 1.00832	4.7525 1.0087	       4.7525 1.01002	  4.7525 1.01023		  	      
4.7575 1.01008	     4.7575 1.00832	4.7575 1.00835	       4.7575 1.00978	  4.7575 1.01011		  	      
4.7625 1.00996	     4.7625 1.00768	4.7625 1.00848	       4.7625 1.00976	  4.7625 1.00993		  	      
4.7675 1.01017	     4.7675 1.00805	4.7675 1.00815	       4.7675 1.00981	  4.7675 1.01029		  	      
4.7725 1.00978	     4.7725 1.008	4.7725 1.00832	       4.7725 1.00968	  4.7725 1.00991		  	      
4.7775 1.00962	     4.7775 1.0078	4.7775 1.00833	       4.7775 1.00963	  4.7775 1.00997		  	      
4.7825 1.00967	     4.7825 1.00757	4.7825 1.00836	       4.7825 1.00963	  4.7825 1.00964		  	      
4.7875 1.00978	     4.7875 1.00783	4.7875 1.00826	       4.7875 1.0095	  4.7875 1.01012		  	      
4.7925 1.00965	     4.7925 1.0075	4.7925 1.00801	       4.7925 1.00949	  4.7925 1.0098		  	      
4.7975 1.0094	     4.7975 1.00771	4.7975 1.00816	       4.7975 1.00942	  4.7975 1.00956		  	      
4.8025 1.00953	     4.8025 1.00729	4.8025 1.00756	       4.8025 1.00932	  4.8025 1.00975		  	      
4.8075 1.00927	     4.8075 1.00789	4.8075 1.00839	       4.8075 1.00942	  4.8075 1.00973		  	      
4.8125 1.00949	     4.8125 1.00758	4.8125 1.0079	       4.8125 1.0092	  4.8125 1.0095		  	      
4.8175 1.00945	     4.8175 1.00743	4.8175 1.0082	       4.8175 1.00922	  4.8175 1.00944		  	      
4.8225 1.0095	     4.8225 1.00737	4.8225 1.00807	       4.8225 1.00917	  4.8225 1.00932		  	      
4.8275 1.00912	     4.8275 1.00706	4.8275 1.00769	       4.8275 1.00907	  4.8275 1.00947		  	      
4.8325 1.00909	     4.8325 1.00716	4.8325 1.00801	       4.8325 1.00903	  4.8325 1.00944		  	      
4.8375 1.00895	     4.8375 1.00697	4.8375 1.00761	       4.8375 1.00902	  4.8375 1.0092		  	      
4.8425 1.00884	     4.8425 1.00734	4.8425 1.00756	       4.8425 1.00881	  4.8425 1.00913		  	      
4.8475 1.00913	     4.8475 1.00681	4.8475 1.00751	       4.8475 1.00897	  4.8475 1.00928		  	      
4.8525 1.00898	     4.8525 1.0069	4.8525 1.00718	       4.8525 1.0088	  4.8525 1.00908		  	      
4.8575 1.00888	     4.8575 1.00686	4.8575 1.00761	       4.8575 1.00871	  4.8575 1.00906		  	      
4.8625 1.00899	     4.8625 1.00678	4.8625 1.00752	       4.8625 1.00879	  4.8625 1.00899		  	      
4.8675 1.00902	     4.8675 1.00701	4.8675 1.00735	       4.8675 1.00868	  4.8675 1.00901		  	      
4.8725 1.00872	     4.8725 1.00673	4.8725 1.00702	       4.8725 1.00856	  4.8725 1.00889		  	      
4.8775 1.0089	     4.8775 1.00663	4.8775 1.0071	       4.8775 1.00862	  4.8775 1.00873		  	      
4.8825 1.00862	     4.8825 1.00681	4.8825 1.00695	       4.8825 1.00851	  4.8825 1.00877		  	      
4.8875 1.00857	     4.8875 1.00707	4.8875 1.00693	       4.8875 1.00845	  4.8875 1.00857		  	      
4.8925 1.00834	     4.8925 1.0067	4.8925 1.00702	       4.8925 1.00845	  4.8925 1.00866		  	      
4.8975 1.00867	     4.8975 1.00704	4.8975 1.00707	       4.8975 1.00842	  4.8975 1.00864		  	      
4.9025 1.00835	     4.9025 1.00673	4.9025 1.00726	       4.9025 1.00839	  4.9025 1.00859		  	      
4.9075 1.00809	     4.9075 1.0063	4.9075 1.00724	       4.9075 1.0083	  4.9075 1.00849		  	      
4.9125 1.00838	     4.9125 1.00641	4.9125 1.00666	       4.9125 1.00825	  4.9125 1.00848		  	      
4.9175 1.00803	     4.9175 1.00616	4.9175 1.00694	       4.9175 1.00825	  4.9175 1.00837		  	      
4.9225 1.00822	     4.9225 1.00646	4.9225 1.00711	       4.9225 1.00819	  4.9225 1.00837		  	      
4.9275 1.00815	     4.9275 1.00625	4.9275 1.00676	       4.9275 1.00811	  4.9275 1.00828		  	      
4.9325 1.00798	     4.9325 1.00612	4.9325 1.00659	       4.9325 1.00798	  4.9325 1.00831		  	      
4.9375 1.00807	     4.9375 1.00632	4.9375 1.00674	       4.9375 1.00797	  4.9375 1.00823		  	      
4.9425 1.0079	     4.9425 1.00616	4.9425 1.00673	       4.9425 1.00795	  4.9425 1.0081		  	      
4.9475 1.00781	     4.9475 1.00612	4.9475 1.00643	       4.9475 1.0079	  4.9475 1.00833		  	      
4.9525 1.00792	     4.9525 1.00619	4.9525 1.00645	       4.9525 1.00778	  4.9525 1.00812		  	      
4.9575 1.00781	     4.9575 1.00622	4.9575 1.00632	       4.9575 1.00782	  4.9575 1.00813		  	      
4.9625 1.00788	     4.9625 1.00596	4.9625 1.00646	       4.9625 1.00783	  4.9625 1.00802		  	      
4.9675 1.00769	     4.9675 1.00576	4.9675 1.00618	       4.9675 1.00774	  4.9675 1.00796		  	      
4.9725 1.00773	     4.9725 1.00577	4.9725 1.00649	       4.9725 1.00763	  4.9725 1.00774		  	      
4.9775 1.00732	     4.9775 1.00595	4.9775 1.00596	       4.9775 1.0077	  4.9775 1.00795		  	      
4.9825 1.00786	     4.9825 1.0059	4.9825 1.00613	       4.9825 1.00761	  4.9825 1.00782		  	      
4.9875 1.00772	     4.9875 1.00589	4.9875 1.00625	       4.9875 1.00751	  4.9875 1.00774		  	      
4.9925 1.0075	     4.9925 1.00572	4.9925 1.00605	       4.9925 1.00744	  4.9925 1.00781		  	      
4.9975 1.00741       4.9975 1.00544     4.9975 1.00639         4.9975 1.00744     4.9975 1.00781                    