# N: 375, L: 5
0.00625 0.0
0.01875 0.0032257
0.03125 0.00232251
0.04375 0.0023699
0.05625 0.000716823
0.06875 0.003359
0.08125 0.00395101
0.09375 0.0050321
0.10625 0.00592681
0.11875 0.00892653
0.13125 0.0103354
0.14375 0.0128418
0.15625 0.0163504
0.16875 0.0208277
0.18125 0.0238533
0.19375 0.0299678
0.20625 0.0379353
0.21875 0.0444594
0.23125 0.0515312
0.24375 0.0614029
0.25625 0.071758
0.26875 0.0831687
0.28125 0.0983625
0.29375 0.112537
0.30625 0.130333
0.31875 0.146574
0.33125 0.168586
0.34375 0.190436
0.35625 0.207446
0.36875 0.237655
0.38125 0.260424
0.39375 0.291454
0.40625 0.320932
0.41875 0.351047
0.43125 0.378145
0.44375 0.413989
0.45625 0.446524
0.46875 0.479727
0.48125 0.516341
0.49375 0.551893
0.50625 0.586083
0.51875 0.619405
0.53125 0.651435
0.54375 0.688053
0.55625 0.718581
0.56875 0.757616
0.58125 0.788488
0.59375 0.817143
0.60625 0.852193
0.61875 0.876346
0.63125 0.906915
0.64375 0.935234
0.65625 0.95928
0.66875 0.980949
0.68125 1.00725
0.69375 1.02652
0.70625 1.04795
0.71875 1.06471
0.73125 1.07935
0.74375 1.09699
0.75625 1.1071
0.76875 1.12266
0.78125 1.13296
0.79375 1.13997
0.80625 1.14831
0.81875 1.15586
0.83125 1.16039
0.84375 1.16307
0.85625 1.16468
0.86875 1.16396
0.88125 1.16164
0.89375 1.15666
0.90625 1.15188
0.91875 1.14627
0.93125 1.13506
0.94375 1.12619
0.95625 1.11384
0.96875 1.09714
0.98125 1.08233
0.99375 1.06515
1.00625 1.04588
1.01875 1.02925
1.03125 1.01251
1.04375 0.999578
1.05625 0.988657
1.06875 0.977535
1.08125 0.966616
1.09375 0.959951
1.10625 0.95501
1.11875 0.951197
1.13125 0.946049
1.14375 0.945258
1.15625 0.943784
1.16875 0.940393
1.18125 0.941805
1.19375 0.943569
1.20625 0.943322
1.21875 0.943894
1.23125 0.946435
1.24375 0.948788
1.25625 0.953173
1.26875 0.954209
1.28125 0.959594
1.29375 0.963
1.30625 0.966043
1.31875 0.967744
1.33125 0.973471
1.34375 0.976841
1.35625 0.98053
1.36875 0.985211
1.38125 0.988427
1.39375 0.992095
1.40625 0.994391
1.41875 1.0002
1.43125 0.99984
1.44375 1.00426
1.45625 1.00511
1.46875 1.00808
1.48125 1.01186
1.49375 1.01203
1.50625 1.01429
1.51875 1.0154
1.53125 1.01545
1.54375 1.017
1.55625 1.01772
1.56875 1.01763
1.58125 1.01804
1.59375 1.01743
1.60625 1.01687
1.61875 1.01531
1.63125 1.0154
1.64375 1.01507
1.65625 1.01347
1.66875 1.0142
1.68125 1.01233
1.69375 1.01158
1.70625 1.01
1.71875 1.00901
1.73125 1.00635
1.74375 1.00571
1.75625 1.00464
1.76875 1.00332
1.78125 1.00307
1.79375 1.00203
1.80625 1.00055
1.81875 0.999566
1.83125 0.998706
1.84375 0.997496
1.85625 0.997412
1.86875 0.995885
1.88125 0.995021
1.89375 0.994116
1.90625 0.994211
1.91875 0.994091
1.93125 0.9928
1.94375 0.994218
1.95625 0.993462
1.96875 0.993208
1.98125 0.993886
1.99375 0.994077
2.00625 0.993289
2.01875 0.995408
2.03125 0.994171
2.04375 0.995271
2.05625 0.994204
2.06875 0.994893
2.08125 0.996139
2.09375 0.996378
2.10625 0.997452
2.11875 0.99701
2.13125 0.997666
2.14375 0.997383
2.15625 0.999398
2.16875 1.0004
2.18125 0.999209
2.19375 1.00045
2.20625 0.999779
2.21875 1.00023
2.23125 1.00017
2.24375 1.00126
2.25625 1.00178
2.26875 1.002
2.28125 1.00139
2.29375 1.00279
2.30625 1.00159
2.31875 1.00272
2.33125 1.00125
2.34375 1.00264
2.35625 1.0025
2.36875 1.00157
2.38125 1.00164
2.39375 1.00257
2.40625 1.00204
2.41875 1.00134
2.43125 1.00202
2.44375 1.00082
2.45625 1.00107
2.46875 1.00151
2.48125 1.00042
2.49375 1.00074
